<id> 0 </id>
<fenetre> 0 0 0 0 0 0 0 0 0 0 1 285 735 2 0 0 0 0 0 0 0 0 0 0 0  </fenetre>
<fenetre> 0 0 0 0 0 0 0 0 0 0 0 380 644 0 0 0 0 0 0 0 0 0 0 0 0  </fenetre>
<fenetre> 0 0 0 0 0 0 0 0 0 0 3 400 619 2 0 0 0 0 0 0 0 0 0 0 0  </fenetre>
<fenetre> 0 0 0 0 0 0 0 0 0 0 2 456 565 1 0 0 0 0 0 0 0 0 0 0 0  </fenetre>
<fenetre> 0 0 0 0 0 0 0 0 0 0 7 419 591 7 0 0 0 0 0 0 0 0 0 0 0  </fenetre>
<fenetre> 0 0 0 0 0 0 1 3 7 17 55 376 474 58 20 10 3 0 0 0 0 0 0 0 0  </fenetre>
<fenetre> 0 0 0 0 0 0 0 3 13 60 120 305 319 135 41 25 1 2 0 0 0 0 0 0 0  </fenetre>
<fenetre> 0 0 0 0 0 0 0 0 5 33 151 311 311 171 36 6 0 0 0 0 0 0 0 0 0  </fenetre>
<fenetre> 0 0 0 0 0 0 0 0 3 22 110 354 385 118 32 0 0 0 0 0 0 0 0 0 0  </fenetre>
<fenetre> 0 0 0 0 0 0 0 0 0 0 4 401 615 4 0 0 0 0 0 0 0 0 0 0 0  </fenetre>
<fenetre> 0 0 0 0 0 0 0 0 12 78 102 303 373 53 44 54 5 0 0 0 0 0 0 0 0  </fenetre>
<fenetre> 0 0 0 0 0 0 0 0 0 2 130 373 398 82 39 0 0 0 0 0 0 0 0 0 0  </fenetre>
<fenetre> 0 0 0 0 0 0 0 0 12 56 98 358 318 96 77 9 0 0 0 0 0 0 0 0 0  </fenetre>
<fenetre> 0 0 0 0 0 0 0 0 3 25 200 294 282 166 49 5 0 0 0 0 0 0 0 0 0  </fenetre>
<fenetre> 0 0 0 0 0 0 0 0 0 23 151 371 268 134 68 9 0 0 0 0 0 0 0 0 0  </fenetre>
<fenetre> 0 0 0 0 0 0 0 0 4 42 124 288 409 127 30 0 0 0 0 0 0 0 0 0 0  </fenetre>
<fenetre> 0 0 0 0 0 0 0 0 0 31 85 415 367 73 43 10 0 0 0 0 0 0 0 0 0  </fenetre>
<fenetre> 0 0 0 0 0 0 0 0 0 42 113 401 293 103 56 16 0 0 0 0 0 0 0 0 0  </fenetre>
<fenetre> 0 0 0 0 0 0 0 0 0 3 31 445 506 28 9 2 0 0 0 0 0 0 0 0 0  </fenetre>
<fenetre> 0 0 0 0 0 0 0 0 0 0 14 463 524 23 0 0 0 0 0 0 0 0 0 0 0  </fenetre>
<fenetre> 0 0 0 0 0 0 0 0 0 0 4 382 628 10 0 0 0 0 0 0 0 0 0 0 0  </fenetre>
<fenetre> 0 0 0 0 0 0 1 4 20 41 69 348 390 77 55 16 3 0 0 0 0 0 0 0 0  </fenetre>
<fenetre> 0 0 0 0 0 0 0 0 8 55 98 356 328 120 41 14 4 0 0 0 0 0 0 0 0  </fenetre>
<fenetre> 0 0 0 0 0 0 0 0 6 51 141 310 314 136 59 7 0 0 0 0 0 0 0 0 0  </fenetre>
<fenetre> 0 0 0 0 0 0 0 0 0 2 21 385 585 25 6 0 0 0 0 0 0 0 0 0 0  </fenetre>
<fenetre> 0 0 0 0 0 0 0 0 0 0 0 374 650 0 0 0 0 0 0 0 0 0 0 0 0  </fenetre>
<fenetre> 0 0 0 0 0 0 0 0 9 50 123 319 319 143 52 9 0 0 0 0 0 0 0 0 0  </fenetre>
<fenetre> 0 0 0 0 0 0 0 0 0 0 0 391 633 0 0 0 0 0 0 0 0 0 0 0 0  </fenetre>
<fenetre> 0 0 0 0 0 0 0 0 0 8 93 393 422 105 3 0 0 0 0 0 0 0 0 0 0  </fenetre>
<fenetre> 0 0 0 0 0 0 0 3 30 47 80 295 393 113 37 25 1 0 0 0 0 0 0 0 0  </fenetre>
<fenetre> 0 0 0 0 0 0 0 0 1 23 107 282 484 98 27 2 0 0 0 0 0 0 0 0 0  </fenetre>
<fenetre> 0 0 0 0 0 0 0 0 7 53 88 291 434 94 48 9 0 0 0 0 0 0 0 0 0  </fenetre>
<fenetre> 0 0 0 0 0 0 0 0 25 48 139 284 291 148 81 8 0 0 0 0 0 0 0 0 0  </fenetre>
<fenetre> 0 0 0 0 0 0 0 0 1 60 136 298 324 142 58 5 0 0 0 0 0 0 0 0 0  </fenetre>
<fenetre> 0 0 0 0 0 0 0 0 0 25 82 381 412 99 24 1 0 0 0 0 0 0 0 0 0  </fenetre>
<fenetre> 0 0 0 0 0 0 0 0 0 0 13 466 527 18 0 0 0 0 0 0 0 0 0 0 0  </fenetre>
<fenetre> 0 0 0 0 0 0 0 0 3 15 81 388 428 93 15 1 0 0 0 0 0 0 0 0 0  </fenetre>
<fenetre> 0 0 0 0 0 0 0 0 0 0 49 439 484 49 3 0 0 0 0 0 0 0 0 0 0  </fenetre>
<fenetre> 0 0 0 0 0 0 0 0 0 0 0 381 643 0 0 0 0 0 0 0 0 0 0 0 0  </fenetre>
<fenetre> 0 0 0 0 0 0 0 0 0 2 28 435 523 34 2 0 0 0 0 0 0 0 0 0 0  </fenetre>
<fenetre> 0 0 0 0 0 0 0 0 7 31 173 318 260 164 66 5 0 0 0 0 0 0 0 0 0  </fenetre>
<fenetre> 0 0 0 0 0 0 1 4 26 49 106 316 300 128 67 24 3 0 0 0 0 0 0 0 0  </fenetre>
<fenetre> 0 0 0 0 0 0 0 0 6 30 100 323 432 94 36 3 0 0 0 0 0 0 0 0 0  </fenetre>
<fenetre> 0 0 0 0 0 0 0 0 6 13 64 412 427 75 27 0 0 0 0 0 0 0 0 0 0  </fenetre>
<fenetre> 0 0 0 0 0 0 0 2 16 55 132 295 299 135 77 13 0 0 0 0 0 0 0 0 0  </fenetre>
<fenetre> 0 0 0 0 0 0 0 0 0 2 33 426 533 27 3 0 0 0 0 0 0 0 0 0 0  </fenetre>
<fenetre> 0 0 0 0 0 0 0 0 0 0 0 369 655 0 0 0 0 0 0 0 0 0 0 0 0  </fenetre>
<fenetre> 0 0 0 0 0 0 0 0 37 46 90 295 349 117 72 18 0 0 0 0 0 0 0 0 0  </fenetre>
<fenetre> 0 0 0 0 0 0 0 0 8 38 126 319 357 129 44 3 0 0 0 0 0 0 0 0 0  </fenetre>
<fenetre> 0 0 0 0 0 0 0 0 17 51 96 346 367 78 29 31 9 0 0 0 0 0 0 0 0  </fenetre>
<fenetre> 0 0 0 0 0 0 0 0 2 30 140 321 337 140 43 11 0 0 0 0 0 0 0 0 0  </fenetre>
<fenetre> 0 0 0 0 0 0 0 0 0 0 5 468 543 8 0 0 0 0 0 0 0 0 0 0 0  </fenetre>
<fenetre> 0 0 0 0 0 0 0 0 0 35 200 280 271 190 48 0 0 0 0 0 0 0 0 0 0  </fenetre>
<fenetre> 0 0 0 0 0 0 0 0 3 19 94 379 389 123 15 2 0 0 0 0 0 0 0 0 0  </fenetre>
<fenetre> 0 0 0 0 0 0 0 0 2 56 141 296 318 149 58 4 0 0 0 0 0 0 0 0 0  </fenetre>
<fenetre> 0 0 0 0 0 0 0 1 17 67 146 274 262 174 56 24 3 0 0 0 0 0 0 0 0  </fenetre>
<fenetre> 0 0 0 0 0 0 0 0 5 59 145 290 282 187 54 2 0 0 0 0 0 0 0 0 0  </fenetre>
<fenetre> 0 0 0 0 0 0 0 0 0 6 43 405 522 44 4 0 0 0 0 0 0 0 0 0 0  </fenetre>
<fenetre> 0 0 0 0 0 0 0 0 0 0 0 389 635 0 0 0 0 0 0 0 0 0 0 0 0  </fenetre>
<fenetre> 0 0 0 0 0 0 0 0 0 0 0 70 954 0 0 0 0 0 0 0 0 0 0 0 0  </fenetre>
<fenetre> 0 0 0 0 0 0 0 0 0 0 27 425 553 17 2 0 0 0 0 0 0 0 0 0 0  </fenetre>
<fenetre> 0 0 0 0 0 0 0 0 7 58 173 281 289 133 62 19 2 0 0 0 0 0 0 0 0  </fenetre>
<fenetre> 0 0 0 0 0 0 0 0 0 4 47 411 509 46 7 0 0 0 0 0 0 0 0 0 0  </fenetre>
<fenetre> 0 0 0 0 0 0 0 1 15 35 115 338 338 113 56 11 2 0 0 0 0 0 0 0 0  </fenetre>
<fenetre> 0 0 0 0 0 0 0 1 23 102 171 211 200 189 86 36 5 0 0 0 0 0 0 0 0  </fenetre>
<fenetre> 0 0 0 0 0 0 0 0 0 4 61 393 518 43 5 0 0 0 0 0 0 0 0 0 0  </fenetre>
<fenetre> 0 0 0 0 0 0 0 0 0 0 0 350 674 0 0 0 0 0 0 0 0 0 0 0 0  </fenetre>
<fenetre> 0 0 0 0 0 0 0 0 0 0 0 417 607 0 0 0 0 0 0 0 0 0 0 0 0  </fenetre>
<fenetre> 0 0 0 0 0 0 0 0 0 0 0 440 584 0 0 0 0 0 0 0 0 0 0 0 0  </fenetre>
<fenetre> 0 0 0 0 0 0 0 0 2 8 9 345 635 14 6 5 0 0 0 0 0 0 0 0 0  </fenetre>
<fenetre> 0 0 0 0 0 0 0 2 34 90 97 269 261 140 104 26 1 0 0 0 0 0 0 0 0  </fenetre>
<fenetre> 0 0 0 0 0 0 0 0 0 1 4 369 642 8 0 0 0 0 0 0 0 0 0 0 0  </fenetre>
<fenetre> 0 0 0 0 0 0 0 0 12 56 144 305 279 137 73 17 1 0 0 0 0 0 0 0 0  </fenetre>
<fenetre> 0 0 0 0 0 0 0 0 0 0 0 393 631 0 0 0 0 0 0 0 0 0 0 0 0  </fenetre>
<fenetre> 0 0 0 0 0 0 0 0 11 30 51 328 524 30 37 13 0 0 0 0 0 0 0 0 0  </fenetre>
<fenetre> 0 0 0 0 0 0 0 0 0 40 146 342 266 170 50 10 0 0 0 0 0 0 0 0 0  </fenetre>
<fenetre> 0 0 0 0 0 0 0 0 0 0 10 463 546 5 0 0 0 0 0 0 0 0 0 0 0  </fenetre>
<fenetre> 0 0 0 0 0 0 0 0 0 1 74 407 454 87 1 0 0 0 0 0 0 0 0 0 0  </fenetre>
<fenetre> 0 0 0 0 0 0 0 0 0 0 2 447 566 9 0 0 0 0 0 0 0 0 0 0 0  </fenetre>
<fenetre> 0 0 0 0 0 0 0 0 2 21 75 371 464 68 19 4 0 0 0 0 0 0 0 0 0  </fenetre>
<fenetre> 0 0 0 0 0 0 0 0 0 15 59 411 440 81 18 0 0 0 0 0 0 0 0 0 0  </fenetre>
<fenetre> 0 0 0 0 0 0 0 0 0 0 0 206 815 3 0 0 0 0 0 0 0 0 0 0 0  </fenetre>
<fenetre> 0 0 0 0 0 0 0 0 8 67 121 314 285 140 66 23 0 0 0 0 0 0 0 0 0  </fenetre>
<fenetre> 0 0 0 0 0 0 0 0 0 21 68 421 441 49 19 5 0 0 0 0 0 0 0 0 0  </fenetre>
<fenetre> 0 0 0 0 0 0 0 0 0 0 0 469 555 0 0 0 0 0 0 0 0 0 0 0 0  </fenetre>
<fenetre> 0 0 0 0 0 0 0 3 28 89 151 252 217 142 104 35 3 0 0 0 0 0 0 0 0  </fenetre>
<fenetre> 0 0 0 0 0 0 0 0 3 43 107 330 364 145 32 0 0 0 0 0 0 0 0 0 0  </fenetre>
<fenetre> 0 0 0 0 0 0 0 0 0 3 38 396 558 27 2 0 0 0 0 0 0 0 0 0 0  </fenetre>
<fenetre> 0 0 0 0 0 0 0 0 0 0 0 139 885 0 0 0 0 0 0 0 0 0 0 0 0  </fenetre>
<fenetre> 0 0 0 0 0 0 0 0 0 0 0 209 815 0 0 0 0 0 0 0 0 0 0 0 0  </fenetre>
<fenetre> 0 0 0 0 0 0 0 0 0 0 0 371 653 0 0 0 0 0 0 0 0 0 0 0 0  </fenetre>
<fenetre> 0 0 0 0 0 0 0 0 0 0 1 443 579 1 0 0 0 0 0 0 0 0 0 0 0  </fenetre>
<fenetre> 0 0 0 0 0 0 0 0 0 0 3 479 535 7 0 0 0 0 0 0 0 0 0 0 0  </fenetre>
<fenetre> 0 0 0 0 0 0 0 0 0 0 3 419 597 5 0 0 0 0 0 0 0 0 0 0 0  </fenetre>
<fenetre> 0 0 0 0 0 0 0 0 0 0 16 369 607 32 0 0 0 0 0 0 0 0 0 0 0  </fenetre>
<fenetre> 0 0 0 0 0 0 0 7 33 104 163 190 190 203 94 31 8 1 0 0 0 0 0 0 0  </fenetre>
<fenetre> 0 0 0 0 0 0 0 0 0 1 36 432 517 38 0 0 0 0 0 0 0 0 0 0 0  </fenetre>
<fenetre> 0 0 0 0 0 0 0 0 1 39 119 370 296 156 39 4 0 0 0 0 0 0 0 0 0  </fenetre>
<fenetre> 0 0 0 0 0 0 0 0 1 32 95 394 325 144 33 0 0 0 0 0 0 0 0 0 0  </fenetre>
<fenetre> 0 0 0 0 0 0 0 2 24 85 186 192 200 215 102 17 1 0 0 0 0 0 0 0 0  </fenetre>
<fenetre> 0 0 0 0 0 0 0 0 0 0 2 378 644 0 0 0 0 0 0 0 0 0 0 0 0  </fenetre>
<fenetre> 0 0 0 0 0 0 0 2 10 48 134 270 363 123 59 14 1 0 0 0 0 0 0 0 0  </fenetre>
<fenetre> 0 0 0 0 0 0 0 0 0 12 37 361 575 34 5 0 0 0 0 0 0 0 0 0 0  </fenetre>
<fenetre> 0 0 0 0 0 0 0 0 0 0 0 405 619 0 0 0 0 0 0 0 0 0 0 0 0  </fenetre>
<fenetre> 0 0 0 0 0 0 0 1 17 48 132 319 285 123 84 15 0 0 0 0 0 0 0 0 0  </fenetre>
<fenetre> 0 0 0 0 0 0 0 0 0 0 29 359 611 25 0 0 0 0 0 0 0 0 0 0 0  </fenetre>
<fenetre> 0 0 0 0 0 0 0 0 0 0 0 380 644 0 0 0 0 0 0 0 0 0 0 0 0  </fenetre>
<fenetre> 0 0 0 0 0 0 0 0 0 0 65 394 477 87 1 0 0 0 0 0 0 0 0 0 0  </fenetre>
<fenetre> 0 0 0 0 0 0 0 0 1 30 134 340 350 131 38 0 0 0 0 0 0 0 0 0 0  </fenetre>
<fenetre> 0 0 0 0 0 0 0 0 0 1 14 445 548 16 0 0 0 0 0 0 0 0 0 0 0  </fenetre>
<fenetre> 0 0 0 0 0 0 4 13 30 82 149 228 224 159 87 34 14 0 0 0 0 0 0 0 0  </fenetre>
<fenetre> 0 0 0 0 0 0 0 0 0 2 49 384 535 47 7 0 0 0 0 0 0 0 0 0 0  </fenetre>
<fenetre> 0 0 0 0 0 0 0 0 0 0 3 443 569 9 0 0 0 0 0 0 0 0 0 0 0  </fenetre>
<fenetre> 0 0 0 0 0 0 0 0 0 42 128 311 389 102 29 22 1 0 0 0 0 0 0 0 0  </fenetre>
<fenetre> 0 0 0 0 0 0 0 0 0 0 0 430 594 0 0 0 0 0 0 0 0 0 0 0 0  </fenetre>
<fenetre> 0 0 0 0 0 0 0 0 4 51 171 285 288 158 50 14 3 0 0 0 0 0 0 0 0  </fenetre>
<fenetre> 0 0 0 0 0 0 0 0 0 0 7 390 623 4 0 0 0 0 0 0 0 0 0 0 0  </fenetre>
<fenetre> 0 0 0 0 0 0 0 6 21 77 137 264 279 115 82 38 5 0 0 0 0 0 0 0 0  </fenetre>
<fenetre> 0 0 0 0 0 0 0 0 0 14 115 372 399 100 21 3 0 0 0 0 0 0 0 0 0  </fenetre>
<fenetre> 0 0 0 0 0 0 0 0 0 0 5 486 527 6 0 0 0 0 0 0 0 0 0 0 0  </fenetre>
<fenetre> 0 0 0 0 0 0 0 0 0 0 0 333 691 0 0 0 0 0 0 0 0 0 0 0 0  </fenetre>
<fenetre> 0 0 0 0 0 0 1 2 13 72 134 240 346 122 64 25 5 0 0 0 0 0 0 0 0  </fenetre>
<fenetre> 0 0 0 0 0 0 0 0 0 15 154 311 378 140 26 0 0 0 0 0 0 0 0 0 0  </fenetre>
<fenetre> 0 0 0 0 0 0 0 0 4 67 132 307 272 173 65 4 0 0 0 0 0 0 0 0 0  </fenetre>
<fenetre> 0 0 0 0 0 0 0 0 0 0 17 263 731 13 0 0 0 0 0 0 0 0 0 0 0  </fenetre>
<fenetre> 0 0 0 0 0 0 0 0 5 8 14 173 799 9 10 6 0 0 0 0 0 0 0 0 0  </fenetre>
<fenetre> 0 0 0 0 0 0 0 0 4 58 186 269 253 172 71 11 0 0 0 0 0 0 0 0 0  </fenetre>
<fenetre> 0 0 0 0 0 0 0 0 1 16 32 370 548 47 10 0 0 0 0 0 0 0 0 0 0  </fenetre>
<fenetre> 0 0 0 0 0 0 0 0 0 0 4 231 778 11 0 0 0 0 0 0 0 0 0 0 0  </fenetre>
<fenetre> 0 0 0 0 0 0 0 0 0 0 0 355 669 0 0 0 0 0 0 0 0 0 0 0 0  </fenetre>
<fenetre> 0 0 0 0 0 0 0 0 21 50 101 307 349 114 68 14 0 0 0 0 0 0 0 0 0  </fenetre>
<fenetre> 0 0 0 0 0 0 0 0 6 24 60 381 450 89 14 0 0 0 0 0 0 0 0 0 0  </fenetre>
<fenetre> 0 0 0 0 0 0 0 0 0 0 80 392 468 83 1 0 0 0 0 0 0 0 0 0 0  </fenetre>
<fenetre> 0 0 0 0 0 0 0 0 0 0 4 280 731 9 0 0 0 0 0 0 0 0 0 0 0  </fenetre>
<fenetre> 0 0 0 0 0 0 0 0 7 31 52 292 544 61 27 9 1 0 0 0 0 0 0 0 0  </fenetre>
<fenetre> 0 0 0 0 0 0 0 3 32 60 106 303 282 125 93 18 2 0 0 0 0 0 0 0 0  </fenetre>
<fenetre> 0 0 0 0 0 0 0 0 0 0 0 365 659 0 0 0 0 0 0 0 0 0 0 0 0  </fenetre>
<fenetre> 0 0 0 0 0 0 0 0 0 0 20 422 564 18 0 0 0 0 0 0 0 0 0 0 0  </fenetre>
<fenetre> 0 0 0 0 0 0 0 0 0 5 57 431 454 70 7 0 0 0 0 0 0 0 0 0 0  </fenetre>
<fenetre> 0 0 0 0 0 0 0 0 0 0 10 460 544 10 0 0 0 0 0 0 0 0 0 0 0  </fenetre>
<fenetre> 0 0 0 0 0 0 0 0 0 5 122 369 402 113 13 0 0 0 0 0 0 0 0 0 0  </fenetre>
<fenetre> 0 0 0 0 0 0 0 0 0 0 0 386 638 0 0 0 0 0 0 0 0 0 0 0 0  </fenetre>
<fenetre> 0 0 0 0 0 0 1 8 39 53 80 262 392 80 71 30 6 2 0 0 0 0 0 0 0  </fenetre>
<fenetre> 0 0 0 0 0 0 0 1 9 70 214 210 222 182 103 13 0 0 0 0 0 0 0 0 0  </fenetre>
<fenetre> 0 0 0 0 0 0 0 0 0 4 22 375 595 26 2 0 0 0 0 0 0 0 0 0 0  </fenetre>
<fenetre> 0 0 0 0 0 0 0 0 0 0 0 342 682 0 0 0 0 0 0 0 0 0 0 0 0  </fenetre>
<fenetre> 0 0 0 0 0 0 0 0 0 0 0 400 624 0 0 0 0 0 0 0 0 0 0 0 0  </fenetre>
<fenetre> 0 0 0 0 0 0 0 0 0 0 3 479 532 10 0 0 0 0 0 0 0 0 0 0 0  </fenetre>
<fenetre> 0 0 0 0 0 0 0 1 5 8 38 339 565 59 7 1 1 0 0 0 0 0 0 0 0  </fenetre>
<fenetre> 0 0 0 0 0 0 0 1 19 75 120 268 292 168 70 11 0 0 0 0 0 0 0 0 0  </fenetre>
<fenetre> 0 0 0 0 0 0 0 0 7 48 210 217 272 208 59 3 0 0 0 0 0 0 0 0 0  </fenetre>
<fenetre> 0 0 0 0 0 0 0 0 16 43 130 338 253 177 65 2 0 0 0 0 0 0 0 0 0  </fenetre>
<fenetre> 0 0 0 0 0 0 0 0 0 0 0 297 727 0 0 0 0 0 0 0 0 0 0 0 0  </fenetre>
<fenetre> 0 0 0 0 0 0 0 0 30 62 85 274 381 101 61 25 5 0 0 0 0 0 0 0 0  </fenetre>
<fenetre> 0 0 0 0 0 0 0 0 2 28 177 276 320 200 21 0 0 0 0 0 0 0 0 0 0  </fenetre>
<fenetre> 0 0 0 0 0 0 0 0 8 23 105 345 383 132 28 0 0 0 0 0 0 0 0 0 0  </fenetre>
<fenetre> 0 0 0 0 0 0 0 0 8 73 149 275 263 179 72 5 0 0 0 0 0 0 0 0 0  </fenetre>
<fenetre> 0 0 0 0 0 0 0 0 0 1 57 408 503 48 7 0 0 0 0 0 0 0 0 0 0  </fenetre>
<fenetre> 0 0 0 0 0 0 0 0 0 2 6 378 626 12 0 0 0 0 0 0 0 0 0 0 0  </fenetre>
<fenetre> 0 0 0 0 0 0 0 2 22 79 153 268 201 195 78 22 4 0 0 0 0 0 0 0 0  </fenetre>
<fenetre> 0 0 0 0 0 0 0 2 14 76 159 229 288 173 68 14 1 0 0 0 0 0 0 0 0  </fenetre>
<fenetre> 0 0 0 0 0 0 0 0 0 18 101 368 415 107 15 0 0 0 0 0 0 0 0 0 0  </fenetre>
<fenetre> 0 0 0 0 0 0 0 0 0 7 87 381 439 108 2 0 0 0 0 0 0 0 0 0 0  </fenetre>
<fenetre> 0 0 0 0 0 0 0 0 0 13 79 396 440 74 22 0 0 0 0 0 0 0 0 0 0  </fenetre>
<fenetre> 0 0 0 0 0 0 0 0 4 44 158 300 300 156 47 13 2 0 0 0 0 0 0 0 0  </fenetre>
<fenetre> 0 0 0 0 0 0 0 0 0 0 2 396 616 10 0 0 0 0 0 0 0 0 0 0 0  </fenetre>
<fenetre> 0 0 0 0 0 0 0 0 0 5 66 407 474 60 11 1 0 0 0 0 0 0 0 0 0  </fenetre>
<fenetre> 0 0 0 0 0 0 0 0 0 0 34 334 618 37 1 0 0 0 0 0 0 0 0 0 0  </fenetre>
<fenetre> 0 0 0 0 0 0 0 0 0 2 21 326 648 25 2 0 0 0 0 0 0 0 0 0 0  </fenetre>
<fenetre> 0 0 0 0 0 0 1 12 17 62 164 240 248 184 66 18 12 0 0 0 0 0 0 0 0  </fenetre>
<fenetre> 0 0 0 0 0 0 0 0 0 2 60 438 454 70 0 0 0 0 0 0 0 0 0 0 0  </fenetre>
<fenetre> 0 0 0 0 0 0 0 0 0 0 0 372 652 0 0 0 0 0 0 0 0 0 0 0 0  </fenetre>
<fenetre> 0 0 0 0 0 0 0 0 0 0 0 241 783 0 0 0 0 0 0 0 0 0 0 0 0  </fenetre>
<fenetre> 0 0 0 0 0 0 0 0 0 0 0 378 646 0 0 0 0 0 0 0 0 0 0 0 0  </fenetre>
<fenetre> 0 0 0 0 0 0 0 0 0 2 18 447 539 14 3 0 1 0 0 0 0 0 0 0 0  </fenetre>
<fenetre> 0 0 0 0 0 0 0 0 0 1 12 488 498 23 1 0 1 0 0 0 0 0 0 0 0  </fenetre>
<fenetre> 0 0 0 0 0 0 0 0 0 0 1 455 563 5 0 0 0 0 0 0 0 0 0 0 0  </fenetre>
<fenetre> 0 0 0 0 0 0 0 0 0 0 0 425 599 0 0 0 0 0 0 0 0 0 0 0 0  </fenetre>
<fenetre> 0 0 0 0 0 0 0 0 0 0 2 446 573 3 0 0 0 0 0 0 0 0 0 0 0  </fenetre>
<fenetre> 0 0 0 0 0 0 0 10 28 95 202 172 169 216 105 16 9 2 0 0 0 0 0 0 0  </fenetre>
<fenetre> 0 0 0 0 0 0 0 1 3 44 179 281 254 222 40 0 0 0 0 0 0 0 0 0 0  </fenetre>
<fenetre> 0 0 0 0 0 0 0 0 0 10 61 416 443 88 2 4 0 0 0 0 0 0 0 0 0  </fenetre>
<fenetre> 0 0 0 0 0 0 0 3 33 99 152 205 213 205 95 19 0 0 0 0 0 0 0 0 0  </fenetre>
<fenetre> 0 0 0 0 0 0 0 0 15 81 99 280 357 85 94 10 2 1 0 0 0 0 0 0 0  </fenetre>
<fenetre> 0 0 0 0 0 0 0 0 0 1 1 340 680 0 2 0 0 0 0 0 0 0 0 0 0  </fenetre>
<fenetre> 0 0 0 0 0 0 0 0 0 0 0 276 748 0 0 0 0 0 0 0 0 0 0 0 0  </fenetre>
<fenetre> 0 0 0 0 0 0 0 4 31 57 114 229 365 144 56 15 8 1 0 0 0 0 0 0 0  </fenetre>
<fenetre> 0 0 0 0 0 0 0 0 0 3 104 385 397 134 1 0 0 0 0 0 0 0 0 0 0  </fenetre>
<fenetre> 0 0 0 0 0 0 0 0 0 0 2 466 550 6 0 0 0 0 0 0 0 0 0 0 0  </fenetre>
<fenetre> 0 0 0 0 0 0 0 0 10 43 54 379 426 65 35 12 0 0 0 0 0 0 0 0 0  </fenetre>
<fenetre> 0 0 0 0 0 0 0 0 0 7 89 396 410 113 9 0 0 0 0 0 0 0 0 0 0  </fenetre>
<fenetre> 0 0 0 0 0 0 0 0 0 5 138 347 355 176 3 0 0 0 0 0 0 0 0 0 0  </fenetre>
<fenetre> 0 0 0 0 0 0 0 0 0 1 53 439 471 60 0 0 0 0 0 0 0 0 0 0 0  </fenetre>
<fenetre> 0 0 0 0 0 0 0 1 8 14 41 423 459 42 28 6 2 0 0 0 0 0 0 0 0  </fenetre>
<fenetre> 0 0 0 0 0 0 0 2 22 49 143 293 281 157 54 22 1 0 0 0 0 0 0 0 0  </fenetre>
<fenetre> 0 0 0 0 0 0 0 0 0 0 0 356 663 5 0 0 0 0 0 0 0 0 0 0 0  </fenetre>
<fenetre> 0 0 0 0 0 0 0 1 9 51 163 327 234 138 71 26 4 0 0 0 0 0 0 0 0  </fenetre>
<fenetre> 0 0 0 0 0 0 0 0 0 0 0 476 541 7 0 0 0 0 0 0 0 0 0 0 0  </fenetre>
<fenetre> 0 0 0 0 0 0 0 0 4 39 41 415 439 45 13 28 0 0 0 0 0 0 0 0 0  </fenetre>
<fenetre> 0 0 0 0 0 0 0 0 7 38 63 364 434 80 35 3 0 0 0 0 0 0 0 0 0  </fenetre>
<fenetre> 0 0 0 0 0 0 0 0 0 0 0 407 617 0 0 0 0 0 0 0 0 0 0 0 0  </fenetre>
<fenetre> 0 0 0 0 0 0 0 0 23 47 95 305 369 102 66 17 0 0 0 0 0 0 0 0 0  </fenetre>
<fenetre> 0 0 0 0 0 0 0 0 5 25 44 361 493 74 20 2 0 0 0 0 0 0 0 0 0  </fenetre>
<fenetre> 0 0 0 0 0 0 0 0 0 0 2 476 539 7 0 0 0 0 0 0 0 0 0 0 0  </fenetre>
<fenetre> 0 0 0 0 0 0 0 4 4 49 112 346 335 88 61 25 0 0 0 0 0 0 0 0 0  </fenetre>
<fenetre> 0 0 0 0 0 0 0 0 0 33 160 292 334 176 29 0 0 0 0 0 0 0 0 0 0  </fenetre>
<fenetre> 0 0 0 0 0 0 0 0 0 0 9 394 613 8 0 0 0 0 0 0 0 0 0 0 0  </fenetre>
<fenetre> 0 0 0 0 0 0 0 0 0 0 0 281 743 0 0 0 0 0 0 0 0 0 0 0 0  </fenetre>
<fenetre> 0 0 0 0 0 0 0 0 0 0 0 325 699 0 0 0 0 0 0 0 0 0 0 0 0  </fenetre>
<fenetre> 0 0 0 0 0 0 0 0 0 0 0 351 673 0 0 0 0 0 0 0 0 0 0 0 0  </fenetre>
<fenetre> 0 0 0 0 0 0 0 0 0 0 0 332 692 0 0 0 0 0 0 0 0 0 0 0 0  </fenetre>
<fenetre> 0 0 0 0 0 0 0 0 0 2 21 262 722 9 8 0 0 0 0 0 0 0 0 0 0  </fenetre>
<fenetre> 0 0 0 0 0 0 0 1 29 119 190 171 193 160 92 63 6 0 0 0 0 0 0 0 0  </fenetre>
<fenetre> 0 0 0 0 0 0 0 2 96 103 123 114 205 196 143 38 4 0 0 0 0 0 0 0 0  </fenetre>
<fenetre> 0 0 0 0 0 0 0 0 0 49 238 288 216 70 145 18 0 0 0 0 0 0 0 0 0  </fenetre>
<fenetre> 0 0 0 0 0 0 0 0 0 9 203 225 416 164 7 0 0 0 0 0 0 0 0 0 0  </fenetre>
<fenetre> 0 0 0 0 0 0 0 0 34 89 153 212 253 162 57 52 12 0 0 0 0 0 0 0 0  </fenetre>
<fenetre> 0 0 0 0 0 0 0 0 0 31 316 296 96 101 151 33 0 0 0 0 0 0 0 0 0  </fenetre>
<fenetre> 0 0 0 0 0 0 0 0 48 200 150 123 135 119 129 120 0 0 0 0 0 0 0 0 0  </fenetre>
<fenetre> 0 0 0 0 0 0 0 0 20 145 190 162 149 156 157 43 2 0 0 0 0 0 0 0 0  </fenetre>
<fenetre> 0 0 0 0 0 0 0 0 19 140 203 162 111 191 174 24 0 0 0 0 0 0 0 0 0  </fenetre>
<fenetre> 0 0 0 0 0 0 0 0 5 43 81 296 472 92 35 0 0 0 0 0 0 0 0 0 0  </fenetre>
<fenetre> 0 0 0 0 0 0 0 0 0 1 10 323 678 12 0 0 0 0 0 0 0 0 0 0 0  </fenetre>
<fenetre> 0 0 0 0 0 0 0 2 43 84 133 253 244 113 101 48 3 0 0 0 0 0 0 0 0  </fenetre>
<fenetre> 0 0 0 0 0 0 0 0 2 42 199 299 252 126 85 19 0 0 0 0 0 0 0 0 0  </fenetre>
<fenetre> 0 0 0 0 0 0 0 0 0 0 106 459 304 99 48 8 0 0 0 0 0 0 0 0 0  </fenetre>
<fenetre> 0 0 0 0 0 0 0 0 1 8 66 435 437 68 9 0 0 0 0 0 0 0 0 0 0  </fenetre>
<fenetre> 0 0 0 0 0 0 0 0 1 22 130 343 353 146 29 0 0 0 0 0 0 0 0 0 0  </fenetre>
<fenetre> 0 0 0 0 0 0 0 0 0 21 213 374 235 63 53 59 6 0 0 0 0 0 0 0 0  </fenetre>
<fenetre> 0 0 0 0 0 0 0 0 0 8 204 338 261 142 62 9 0 0 0 0 0 0 0 0 0  </fenetre>
<fenetre> 0 0 0 0 0 0 0 0 2 33 135 343 322 153 35 1 0 0 0 0 0 0 0 0 0  </fenetre>
<fenetre> 0 0 0 0 0 0 0 0 47 88 97 281 261 112 88 44 6 0 0 0 0 0 0 0 0  </fenetre>
<fenetre> 0 0 0 0 0 0 0 0 0 7 158 321 362 171 5 0 0 0 0 0 0 0 0 0 0  </fenetre>
<fenetre> 0 0 0 0 0 0 0 2 36 45 73 335 374 79 40 39 1 0 0 0 0 0 0 0 0  </fenetre>
<fenetre> 0 0 0 0 0 0 0 0 0 37 152 318 331 110 73 3 0 0 0 0 0 0 0 0 0  </fenetre>
<fenetre> 0 0 0 0 0 0 0 0 0 29 167 303 360 85 44 35 1 0 0 0 0 0 0 0 0  </fenetre>
<fenetre> 0 0 0 0 0 0 0 0 34 100 176 180 229 166 132 7 0 0 0 0 0 0 0 0 0  </fenetre>
<fenetre> 0 0 0 0 0 0 0 0 18 181 152 118 189 163 202 1 0 0 0 0 0 0 0 0 0  </fenetre>
<fenetre> 0 0 0 0 0 0 0 0 77 158 123 113 174 162 167 50 0 0 0 0 0 0 0 0 0  </fenetre>
<fenetre> 0 0 0 0 0 0 0 0 41 177 143 151 139 135 192 46 0 0 0 0 0 0 0 0 0  </fenetre>
<fenetre> 0 0 0 0 0 0 0 0 0 24 250 334 146 118 134 18 0 0 0 0 0 0 0 0 0  </fenetre>
<fenetre> 0 0 0 0 0 0 0 0 16 91 134 256 241 172 105 9 0 0 0 0 0 0 0 0 0  </fenetre>
<fenetre> 0 0 0 0 0 0 0 0 0 13 63 394 496 58 0 0 0 0 0 0 0 0 0 0 0  </fenetre>
<fenetre> 0 0 0 0 0 0 0 1 55 60 122 222 312 152 92 8 0 0 0 0 0 0 0 0 0  </fenetre>
<fenetre> 0 0 0 0 0 0 0 0 10 46 139 290 303 186 50 0 0 0 0 0 0 0 0 0 0  </fenetre>
<fenetre> 0 0 0 0 0 0 0 0 0 1 16 420 562 25 0 0 0 0 0 0 0 0 0 0 0  </fenetre>
<fenetre> 0 0 0 0 0 0 0 0 8 76 122 316 279 123 90 10 0 0 0 0 0 0 0 0 0  </fenetre>
<fenetre> 0 0 0 0 0 0 0 0 0 0 61 345 544 74 0 0 0 0 0 0 0 0 0 0 0  </fenetre>
<fenetre> 0 0 0 0 0 0 0 0 58 52 61 327 356 53 61 56 0 0 0 0 0 0 0 0 0  </fenetre>
<fenetre> 0 0 0 0 0 0 0 0 126 131 112 105 139 168 180 63 0 0 0 0 0 0 0 0 0  </fenetre>
<fenetre> 0 0 0 0 0 0 0 0 0 170 158 153 216 185 114 27 1 0 0 0 0 0 0 0 0  </fenetre>
<fenetre> 0 0 0 0 0 0 0 0 1 17 162 316 328 178 20 2 0 0 0 0 0 0 0 0 0  </fenetre>
<fenetre> 0 0 0 0 0 0 0 0 1 23 126 348 371 117 38 0 0 0 0 0 0 0 0 0 0  </fenetre>
<fenetre> 0 0 0 0 0 0 0 0 35 101 103 263 263 88 140 31 0 0 0 0 0 0 0 0 0  </fenetre>
<fenetre> 0 0 0 0 0 0 0 0 54 138 84 177 283 126 139 23 0 0 0 0 0 0 0 0 0  </fenetre>
<fenetre> 0 0 0 0 0 0 0 0 52 83 107 175 292 276 39 0 0 0 0 0 0 0 0 0 0  </fenetre>
<fenetre> 0 0 0 0 0 0 0 0 0 30 148 329 325 145 47 0 0 0 0 0 0 0 0 0 0  </fenetre>
<fenetre> 0 0 0 0 0 0 0 0 0 20 148 318 357 159 20 2 0 0 0 0 0 0 0 0 0  </fenetre>
<fenetre> 0 0 0 0 0 0 0 7 45 124 139 193 182 151 123 55 5 0 0 0 0 0 0 0 0  </fenetre>
<fenetre> 0 0 0 0 0 0 0 0 0 75 262 171 169 227 120 0 0 0 0 0 0 0 0 0 0  </fenetre>
<fenetre> 0 0 0 0 0 0 0 3 81 201 127 105 106 125 159 114 3 0 0 0 0 0 0 0 0  </fenetre>
<fenetre> 0 0 0 0 0 0 0 0 38 200 152 124 118 131 214 47 0 0 0 0 0 0 0 0 0  </fenetre>
<fenetre> 0 0 0 0 0 0 0 4 29 150 167 162 157 160 157 35 3 0 0 0 0 0 0 0 0  </fenetre>
<fenetre> 0 0 0 0 0 0 0 0 0 7 217 411 164 121 87 17 0 0 0 0 0 0 0 0 0  </fenetre>
<fenetre> 0 0 0 0 0 0 0 0 0 10 28 365 587 32 2 0 0 0 0 0 0 0 0 0 0  </fenetre>
<fenetre> 0 0 0 0 0 0 0 0 0 0 14 314 681 13 2 0 0 0 0 0 0 0 0 0 0  </fenetre>
<fenetre> 0 0 0 0 0 0 0 2 12 50 286 211 148 147 139 28 1 0 0 0 0 0 0 0 0  </fenetre>
<fenetre> 0 0 0 0 0 0 0 0 0 41 319 206 123 140 172 23 0 0 0 0 0 0 0 0 0  </fenetre>
<fenetre> 0 0 0 0 0 0 0 0 21 177 178 109 143 229 165 2 0 0 0 0 0 0 0 0 0  </fenetre>
<fenetre> 0 0 0 0 0 0 0 1 47 102 113 171 282 189 109 10 0 0 0 0 0 0 0 0 0  </fenetre>
<fenetre> 0 0 0 0 0 0 0 0 0 0 35 441 527 21 0 0 0 0 0 0 0 0 0 0 0  </fenetre>
<fenetre> 0 0 0 0 0 0 0 0 10 18 24 425 488 47 12 0 0 0 0 0 0 0 0 0 0  </fenetre>
<fenetre> 0 0 0 0 0 0 0 8 40 121 90 145 282 241 81 14 2 0 0 0 0 0 0 0 0  </fenetre>
<fenetre> 0 0 0 0 0 0 0 0 0 4 120 360 481 59 0 0 0 0 0 0 0 0 0 0 0  </fenetre>
<fenetre> 0 0 0 0 0 0 0 1 22 94 170 259 162 145 130 39 2 0 0 0 0 0 0 0 0  </fenetre>
<fenetre> 0 0 0 0 0 0 0 0 0 17 181 353 255 141 77 0 0 0 0 0 0 0 0 0 0  </fenetre>
<fenetre> 0 0 0 0 0 0 0 0 0 4 102 386 456 45 31 0 0 0 0 0 0 0 0 0 0  </fenetre>
<fenetre> 0 0 0 0 0 0 0 1 13 31 47 350 508 49 25 0 0 0 0 0 0 0 0 0 0  </fenetre>
<fenetre> 0 0 0 0 0 0 0 3 62 117 101 121 276 235 102 7 0 0 0 0 0 0 0 0 0  </fenetre>
<fenetre> 0 0 0 0 0 0 0 1 24 106 175 196 220 162 109 30 1 0 0 0 0 0 0 0 0  </fenetre>
<fenetre> 0 0 0 0 0 0 0 0 0 152 160 173 219 171 149 0 0 0 0 0 0 0 0 0 0  </fenetre>
<fenetre> 0 0 0 0 0 0 0 0 3 214 118 114 181 230 164 0 0 0 0 0 0 0 0 0 0  </fenetre>
<fenetre> 0 0 0 0 0 0 0 0 23 104 124 209 251 242 71 0 0 0 0 0 0 0 0 0 0  </fenetre>
<fenetre> 0 0 0 0 0 0 0 0 0 4 69 429 440 77 5 0 0 0 0 0 0 0 0 0 0  </fenetre>
<fenetre> 0 0 0 0 0 0 0 0 0 7 90 396 468 26 13 13 11 0 0 0 0 0 0 0 0  </fenetre>
<fenetre> 0 0 0 0 0 0 0 0 0 34 235 238 273 176 40 24 4 0 0 0 0 0 0 0 0  </fenetre>
<fenetre> 0 0 0 0 0 0 0 0 0 9 106 368 411 116 14 0 0 0 0 0 0 0 0 0 0  </fenetre>
<fenetre> 0 0 0 0 0 0 0 6 28 94 114 262 249 141 82 34 14 0 0 0 0 0 0 0 0  </fenetre>
<fenetre> 0 0 0 0 0 0 0 0 1 142 205 179 136 191 170 0 0 0 0 0 0 0 0 0 0  </fenetre>
<fenetre> 0 0 0 0 0 0 0 1 3 21 211 289 264 181 39 14 1 0 0 0 0 0 0 0 0  </fenetre>
<fenetre> 0 0 0 0 0 0 1 9 39 113 191 167 169 129 144 59 3 0 0 0 0 0 0 0 0  </fenetre>
<fenetre> 0 0 0 0 0 0 0 0 0 0 0 437 587 0 0 0 0 0 0 0 0 0 0 0 0  </fenetre>
<fenetre> 0 0 0 0 0 0 0 0 13 79 128 304 293 94 76 33 4 0 0 0 0 0 0 0 0  </fenetre>
<fenetre> 0 0 0 0 0 0 0 0 0 54 164 332 212 171 91 0 0 0 0 0 0 0 0 0 0  </fenetre>
<fenetre> 0 0 0 0 0 0 0 0 48 199 107 104 119 258 189 0 0 0 0 0 0 0 0 0 0  </fenetre>
<fenetre> 0 0 0 0 0 0 0 0 73 178 95 99 112 379 87 1 0 0 0 0 0 0 0 0 0  </fenetre>
<fenetre> 0 0 0 0 0 0 0 1 71 147 161 124 142 122 194 62 0 0 0 0 0 0 0 0 0  </fenetre>
<fenetre> 0 0 0 0 0 0 0 0 0 22 68 338 490 71 35 0 0 0 0 0 0 0 0 0 0  </fenetre>
<fenetre> 0 0 0 0 0 0 0 0 0 6 50 413 482 65 8 0 0 0 0 0 0 0 0 0 0  </fenetre>
<fenetre> 0 0 0 0 0 0 0 0 0 0 0 256 768 0 0 0 0 0 0 0 0 0 0 0 0  </fenetre>
<fenetre> 0 0 0 0 0 0 0 0 0 0 1 454 568 1 0 0 0 0 0 0 0 0 0 0 0  </fenetre>
<fenetre> 0 0 0 0 0 0 0 0 0 0 0 496 524 4 0 0 0 0 0 0 0 0 0 0 0  </fenetre>
<fenetre> 0 0 0 0 0 0 0 0 0 0 1 472 551 0 0 0 0 0 0 0 0 0 0 0 0  </fenetre>
<fenetre> 0 0 0 0 0 0 0 0 0 0 1 489 531 3 0 0 0 0 0 0 0 0 0 0 0  </fenetre>
<fenetre> 0 0 0 0 0 0 0 0 0 0 0 436 588 0 0 0 0 0 0 0 0 0 0 0 0  </fenetre>
<fenetre> 0 0 0 0 0 0 0 0 0 0 0 293 731 0 0 0 0 0 0 0 0 0 0 0 0  </fenetre>
<fenetre> 0 0 0 0 0 0 0 0 15 62 59 262 450 137 34 5 0 0 0 0 0 0 0 0 0  </fenetre>
<fenetre> 0 0 0 0 0 0 0 7 95 94 119 127 211 237 85 42 7 0 0 0 0 0 0 0 0  </fenetre>
<fenetre> 0 0 0 0 0 0 0 0 0 12 149 407 289 104 62 1 0 0 0 0 0 0 0 0 0  </fenetre>
<fenetre> 0 0 0 0 0 0 0 0 0 33 170 404 197 112 104 4 0 0 0 0 0 0 0 0 0  </fenetre>
<fenetre> 0 0 0 0 0 0 0 0 3 116 174 254 182 137 121 37 0 0 0 0 0 0 0 0 0  </fenetre>
<fenetre> 0 0 0 0 0 0 0 0 0 0 25 351 607 40 1 0 0 0 0 0 0 0 0 0 0  </fenetre>
<fenetre> 0 0 0 0 0 0 0 0 0 1 13 478 516 15 1 0 0 0 0 0 0 0 0 0 0  </fenetre>
<fenetre> 0 0 0 0 0 0 0 0 0 0 0 333 691 0 0 0 0 0 0 0 0 0 0 0 0  </fenetre>
<fenetre> 0 0 0 0 0 0 0 0 22 128 218 168 147 123 156 62 0 0 0 0 0 0 0 0 0  </fenetre>
<fenetre> 0 0 0 0 0 0 0 0 0 72 206 236 237 187 50 36 0 0 0 0 0 0 0 0 0  </fenetre>
<fenetre> 0 0 0 0 0 0 0 2 67 67 99 160 320 246 63 0 0 0 0 0 0 0 0 0 0  </fenetre>
<fenetre> 0 0 0 0 0 0 0 1 32 75 118 216 295 266 21 0 0 0 0 0 0 0 0 0 0  </fenetre>
<fenetre> 0 0 0 0 0 0 0 1 9 71 145 204 355 235 4 0 0 0 0 0 0 0 0 0 0  </fenetre>
<fenetre> 0 0 0 0 0 0 0 5 14 55 133 256 306 198 53 4 0 0 0 0 0 0 0 0 0  </fenetre>
<fenetre> 0 0 0 0 0 0 0 0 0 4 49 434 477 53 7 0 0 0 0 0 0 0 0 0 0  </fenetre>
<fenetre> 0 0 0 0 0 0 1 5 42 76 114 261 272 113 75 50 15 0 0 0 0 0 0 0 0  </fenetre>
<fenetre> 0 0 0 0 0 0 2 5 42 132 174 151 155 209 123 29 2 0 0 0 0 0 0 0 0  </fenetre>
<fenetre> 0 0 0 0 0 0 0 2 15 47 158 234 321 221 25 1 0 0 0 0 0 0 0 0 0  </fenetre>
<fenetre> 0 0 0 0 0 0 0 17 61 123 89 87 223 336 77 11 0 0 0 0 0 0 0 0 0  </fenetre>
<fenetre> 0 0 0 0 0 0 0 0 26 70 174 168 298 210 69 9 0 0 0 0 0 0 0 0 0  </fenetre>
<fenetre> 0 0 0 0 0 0 0 0 0 85 186 318 144 155 97 39 0 0 0 0 0 0 0 0 0  </fenetre>
<fenetre> 0 0 0 0 0 0 0 0 0 104 160 206 221 291 36 6 0 0 0 0 0 0 0 0 0  </fenetre>
<fenetre> 0 0 0 0 0 0 0 0 6 36 109 210 552 105 6 0 0 0 0 0 0 0 0 0 0  </fenetre>
<fenetre> 0 0 0 0 0 0 0 0 35 35 56 338 394 145 21 0 0 0 0 0 0 0 0 0 0  </fenetre>
<fenetre> 0 0 0 0 0 0 0 6 60 65 87 210 337 142 86 31 0 0 0 0 0 0 0 0 0  </fenetre>
<fenetre> 0 0 0 0 0 0 0 0 1 28 199 329 239 144 78 6 0 0 0 0 0 0 0 0 0  </fenetre>
<fenetre> 0 0 0 0 0 0 0 0 0 10 97 394 402 109 12 0 0 0 0 0 0 0 0 0 0  </fenetre>
<fenetre> 0 0 0 0 0 0 0 0 16 52 110 308 366 104 49 19 0 0 0 0 0 0 0 0 0  </fenetre>
<fenetre> 0 0 0 0 0 0 0 0 0 0 8 390 604 21 1 0 0 0 0 0 0 0 0 0 0  </fenetre>
<fenetre> 0 0 0 0 0 0 0 5 15 16 30 396 492 24 18 20 8 0 0 0 0 0 0 0 0  </fenetre>
<fenetre> 0 0 0 0 0 0 0 0 0 108 268 203 117 120 163 45 0 0 0 0 0 0 0 0 0  </fenetre>
<fenetre> 0 0 0 0 0 0 0 0 0 142 217 199 163 106 158 39 0 0 0 0 0 0 0 0 0  </fenetre>
<fenetre> 0 0 0 0 0 0 0 0 0 104 184 240 210 154 107 25 0 0 0 0 0 0 0 0 0  </fenetre>
<fenetre> 0 0 0 0 0 0 0 0 0 14 128 362 359 143 18 0 0 0 0 0 0 0 0 0 0  </fenetre>
<fenetre> 0 0 0 0 0 0 0 6 17 47 101 349 306 126 43 20 9 0 0 0 0 0 0 0 0  </fenetre>
<fenetre> 0 0 0 0 0 0 0 0 12 107 162 234 198 179 128 4 0 0 0 0 0 0 0 0 0  </fenetre>
<fenetre> 0 0 0 0 0 0 0 0 0 0 305 231 198 272 18 0 0 0 0 0 0 0 0 0 0  </fenetre>
<fenetre> 0 0 0 0 0 0 0 0 0 1 68 427 431 91 5 1 0 0 0 0 0 0 0 0 0  </fenetre>
<fenetre> 0 0 0 0 0 0 0 11 43 111 194 159 147 169 124 56 10 0 0 0 0 0 0 0 0  </fenetre>
<fenetre> 0 0 0 0 0 0 0 0 0 129 220 183 150 212 112 18 0 0 0 0 0 0 0 0 0  </fenetre>
<fenetre> 0 0 0 0 0 0 0 0 3 214 187 139 123 112 134 112 0 0 0 0 0 0 0 0 0  </fenetre>
<fenetre> 0 0 0 0 0 0 0 0 0 55 180 254 267 231 37 0 0 0 0 0 0 0 0 0 0  </fenetre>
<fenetre> 0 0 0 0 0 0 0 0 0 0 141 369 330 184 0 0 0 0 0 0 0 0 0 0 0  </fenetre>
<fenetre> 0 0 0 0 0 0 0 0 0 0 0 268 756 0 0 0 0 0 0 0 0 0 0 0 0  </fenetre>
<fenetre> 0 0 0 0 0 0 0 0 0 0 0 401 623 0 0 0 0 0 0 0 0 0 0 0 0  </fenetre>
<fenetre> 0 0 0 0 0 0 0 0 0 0 0 408 616 0 0 0 0 0 0 0 0 0 0 0 0  </fenetre>
<fenetre> 0 0 0 0 0 0 0 0 0 0 0 383 641 0 0 0 0 0 0 0 0 0 0 0 0  </fenetre>
<fenetre> 0 0 0 0 0 0 0 0 0 0 0 145 879 0 0 0 0 0 0 0 0 0 0 0 0  </fenetre>
<fenetre> 0 0 0 0 0 0 0 0 0 8 70 400 464 72 10 0 0 0 0 0 0 0 0 0 0  </fenetre>
<fenetre> 0 0 0 0 0 0 0 0 0 6 96 381 428 106 7 0 0 0 0 0 0 0 0 0 0  </fenetre>
<fenetre> 0 0 0 0 0 0 0 0 10 83 124 311 282 101 66 45 2 0 0 0 0 0 0 0 0  </fenetre>
<fenetre> 0 0 0 0 0 0 0 0 0 48 214 283 218 128 121 12 0 0 0 0 0 0 0 0 0  </fenetre>
<fenetre> 0 0 0 0 0 0 0 2 32 165 130 124 179 304 85 3 0 0 0 0 0 0 0 0 0  </fenetre>
<fenetre> 0 0 0 0 0 0 0 1 29 118 113 177 268 231 82 5 0 0 0 0 0 0 0 0 0  </fenetre>
<fenetre> 0 0 0 0 0 0 0 4 34 41 92 220 470 114 39 10 0 0 0 0 0 0 0 0 0  </fenetre>
<fenetre> 0 0 0 0 0 0 0 0 22 78 108 198 392 183 38 5 0 0 0 0 0 0 0 0 0  </fenetre>
<fenetre> 0 0 0 0 0 0 0 0 0 0 0 372 652 0 0 0 0 0 0 0 0 0 0 0 0  </fenetre>
<fenetre> 0 0 0 0 0 0 0 0 0 0 0 291 733 0 0 0 0 0 0 0 0 0 0 0 0  </fenetre>
<fenetre> 0 0 0 0 0 0 0 0 24 89 128 188 332 208 54 1 0 0 0 0 0 0 0 0 0  </fenetre>
<fenetre> 0 0 0 0 0 0 0 1 87 95 91 118 276 249 107 0 0 0 0 0 0 0 0 0 0  </fenetre>
<fenetre> 0 0 0 0 0 0 0 0 0 16 36 427 479 37 27 2 0 0 0 0 0 0 0 0 0  </fenetre>
<fenetre> 0 0 0 0 0 0 0 0 27 44 174 211 317 209 35 7 0 0 0 0 0 0 0 0 0  </fenetre>
<fenetre> 0 0 0 0 0 0 0 3 9 11 45 428 436 74 16 2 0 0 0 0 0 0 0 0 0  </fenetre>
<fenetre> 0 0 0 0 0 0 0 11 61 86 67 241 255 179 95 25 4 0 0 0 0 0 0 0 0  </fenetre>
<fenetre> 0 0 0 0 0 0 0 0 0 0 0 386 638 0 0 0 0 0 0 0 0 0 0 0 0  </fenetre>
<fenetre> 0 0 0 0 0 0 0 0 37 47 57 302 384 158 38 1 0 0 0 0 0 0 0 0 0  </fenetre>
<fenetre> 0 0 0 0 0 0 0 0 44 78 99 195 309 259 40 0 0 0 0 0 0 0 0 0 0  </fenetre>
<fenetre> 0 0 0 0 0 0 0 14 32 26 78 303 358 138 59 16 0 0 0 0 0 0 0 0 0  </fenetre>
<fenetre> 0 0 0 0 0 0 0 0 35 103 61 229 340 183 69 4 0 0 0 0 0 0 0 0 0  </fenetre>
<fenetre> 0 0 0 0 0 0 0 0 0 0 0 427 597 0 0 0 0 0 0 0 0 0 0 0 0  </fenetre>
<fenetre> 0 0 0 0 0 0 0 0 0 19 153 341 352 82 50 21 6 0 0 0 0 0 0 0 0  </fenetre>
<fenetre> 0 0 0 0 0 0 0 0 0 5 175 302 383 152 7 0 0 0 0 0 0 0 0 0 0  </fenetre>
<fenetre> 0 0 0 0 0 0 0 1 38 112 129 125 309 226 74 9 1 0 0 0 0 0 0 0 0  </fenetre>
<fenetre> 0 0 0 0 0 0 0 0 0 18 196 339 306 81 45 36 3 0 0 0 0 0 0 0 0  </fenetre>
<fenetre> 0 0 0 0 0 0 0 3 22 23 52 382 428 75 18 16 5 0 0 0 0 0 0 0 0  </fenetre>
<fenetre> 0 0 0 0 0 0 0 0 27 87 138 177 290 236 65 4 0 0 0 0 0 0 0 0 0  </fenetre>
<fenetre> 0 0 0 0 0 0 0 0 4 143 155 138 224 323 37 0 0 0 0 0 0 0 0 0 0  </fenetre>
<fenetre> 0 0 0 0 0 0 0 1 12 62 154 234 305 199 52 5 0 0 0 0 0 0 0 0 0  </fenetre>
<fenetre> 0 0 0 0 0 0 2 15 68 138 135 147 166 121 148 84 0 0 0 0 0 0 0 0 0  </fenetre>
<fenetre> 0 0 0 0 0 0 0 0 0 0 0 377 647 0 0 0 0 0 0 0 0 0 0 0 0  </fenetre>
<fenetre> 0 0 0 0 0 0 0 1 42 46 41 296 411 108 73 6 0 0 0 0 0 0 0 0 0  </fenetre>
<fenetre> 0 0 0 0 0 0 0 2 54 56 51 231 403 177 48 2 0 0 0 0 0 0 0 0 0  </fenetre>
<fenetre> 0 0 0 0 0 0 0 0 0 0 0 336 688 0 0 0 0 0 0 0 0 0 0 0 0  </fenetre>
<fenetre> 0 0 0 0 0 0 0 0 0 29 163 339 329 64 59 28 13 0 0 0 0 0 0 0 0  </fenetre>
<fenetre> 0 0 0 0 0 0 0 0 0 1 193 286 334 177 33 0 0 0 0 0 0 0 0 0 0  </fenetre>
<fenetre> 0 0 0 0 0 0 0 0 0 1 57 426 488 51 1 0 0 0 0 0 0 0 0 0 0  </fenetre>
<fenetre> 0 0 0 0 0 0 0 1 79 75 94 130 336 229 77 3 0 0 0 0 0 0 0 0 0  </fenetre>
<fenetre> 0 0 0 0 0 0 0 0 15 68 115 265 347 167 41 6 0 0 0 0 0 0 0 0 0  </fenetre>
<fenetre> 0 0 0 0 0 0 0 0 26 73 125 332 227 118 83 39 1 0 0 0 0 0 0 0 0  </fenetre>
<fenetre> 0 0 0 0 0 0 0 0 0 20 173 198 523 98 12 0 0 0 0 0 0 0 0 0 0  </fenetre>
<fenetre> 0 0 0 0 0 0 0 0 71 126 84 125 224 296 96 2 0 0 0 0 0 0 0 0 0  </fenetre>
<fenetre> 0 0 0 0 0 0 0 0 99 134 103 106 130 288 164 0 0 0 0 0 0 0 0 0 0  </fenetre>
<fenetre> 0 0 0 0 0 0 0 4 32 58 81 281 344 160 64 0 0 0 0 0 0 0 0 0 0  </fenetre>
<fenetre> 0 0 0 0 0 0 0 0 3 77 112 217 426 178 11 0 0 0 0 0 0 0 0 0 0  </fenetre>
<fenetre> 0 0 0 0 0 0 0 0 0 10 111 364 400 132 7 0 0 0 0 0 0 0 0 0 0  </fenetre>
<fenetre> 0 0 0 0 0 0 0 0 1 75 136 310 331 77 37 35 19 3 0 0 0 0 0 0 0  </fenetre>
<fenetre> 0 0 0 0 0 0 0 0 21 127 205 183 119 175 181 13 0 0 0 0 0 0 0 0 0  </fenetre>
<fenetre> 0 0 0 0 0 0 0 0 11 47 126 232 416 168 24 0 0 0 0 0 0 0 0 0 0  </fenetre>
<fenetre> 0 0 0 0 0 0 0 0 33 55 51 339 331 174 41 0 0 0 0 0 0 0 0 0 0  </fenetre>
<fenetre> 0 0 0 0 0 0 0 16 38 29 47 341 391 104 52 6 0 0 0 0 0 0 0 0 0  </fenetre>
<fenetre> 0 0 0 0 0 0 0 2 37 106 99 175 293 223 83 6 0 0 0 0 0 0 0 0 0  </fenetre>
<fenetre> 0 0 0 0 0 0 0 0 0 0 12 467 527 18 0 0 0 0 0 0 0 0 0 0 0  </fenetre>
<fenetre> 0 0 0 0 0 0 0 0 0 21 111 363 403 67 26 31 2 0 0 0 0 0 0 0 0  </fenetre>
<fenetre> 0 0 0 0 0 0 0 0 27 162 158 205 169 95 114 93 1 0 0 0 0 0 0 0 0  </fenetre>
<fenetre> 0 0 0 0 0 0 0 0 0 47 155 306 301 154 60 1 0 0 0 0 0 0 0 0 0  </fenetre>
<fenetre> 0 0 0 0 0 0 0 0 24 38 53 328 432 81 56 12 0 0 0 0 0 0 0 0 0  </fenetre>
<fenetre> 0 0 0 0 0 0 0 0 9 43 179 261 276 215 39 2 0 0 0 0 0 0 0 0 0  </fenetre>
<fenetre> 0 0 0 0 0 0 0 2 41 56 98 226 357 183 52 9 0 0 0 0 0 0 0 0 0  </fenetre>
<fenetre> 0 0 0 0 0 0 0 0 0 40 237 280 234 123 66 44 0 0 0 0 0 0 0 0 0  </fenetre>
<fenetre> 0 0 0 0 0 0 0 0 0 10 168 302 378 159 7 0 0 0 0 0 0 0 0 0 0  </fenetre>
<fenetre> 0 0 0 0 0 0 0 4 36 31 141 306 223 231 49 3 0 0 0 0 0 0 0 0 0  </fenetre>
<fenetre> 0 0 0 0 0 0 0 1 59 84 65 245 265 223 79 3 0 0 0 0 0 0 0 0 0  </fenetre>
<fenetre> 0 0 0 0 0 0 0 0 54 85 123 182 289 181 75 35 0 0 0 0 0 0 0 0 0  </fenetre>
<fenetre> 0 0 0 0 0 0 0 0 31 138 166 207 142 135 152 53 0 0 0 0 0 0 0 0 0  </fenetre>
<fenetre> 0 0 0 0 0 0 0 0 0 0 0 454 570 0 0 0 0 0 0 0 0 0 0 0 0  </fenetre>
<fenetre> 0 0 0 0 0 0 0 0 0 0 0 447 577 0 0 0 0 0 0 0 0 0 0 0 0  </fenetre>
<fenetre> 0 0 0 0 0 0 0 0 0 0 0 427 597 0 0 0 0 0 0 0 0 0 0 0 0  </fenetre>
<fenetre> 0 0 0 0 0 0 0 0 0 0 0 329 695 0 0 0 0 0 0 0 0 0 0 0 0  </fenetre>
<fenetre> 0 0 0 0 0 0 0 0 0 0 0 90 934 0 0 0 0 0 0 0 0 0 0 0 0  </fenetre>
<fenetre> 0 0 0 0 0 0 0 0 0 3 13 89 900 17 2 0 0 0 0 0 0 0 0 0 0  </fenetre>
<fenetre> 0 0 0 0 0 0 0 10 16 68 129 314 251 95 117 19 5 0 0 0 0 0 0 0 0  </fenetre>
<fenetre> 0 0 0 0 0 0 0 0 0 80 202 252 172 228 90 0 0 0 0 0 0 0 0 0 0  </fenetre>
<fenetre> 0 0 0 0 0 0 0 0 0 5 45 366 548 60 0 0 0 0 0 0 0 0 0 0 0  </fenetre>
<fenetre> 0 0 0 0 0 0 0 0 0 0 14 329 666 14 1 0 0 0 0 0 0 0 0 0 0  </fenetre>
<fenetre> 0 0 0 0 0 0 0 0 0 64 84 397 350 52 32 39 6 0 0 0 0 0 0 0 0  </fenetre>
<fenetre> 0 0 0 0 0 0 0 0 1 112 210 194 174 194 130 9 0 0 0 0 0 0 0 0 0  </fenetre>
<fenetre> 0 0 0 0 0 0 0 0 21 127 137 220 241 127 118 33 0 0 0 0 0 0 0 0 0  </fenetre>
<fenetre> 0 0 0 0 0 0 0 0 0 138 161 130 217 359 19 0 0 0 0 0 0 0 0 0 0  </fenetre>
<fenetre> 0 0 0 0 0 0 0 0 2 138 148 181 227 233 95 0 0 0 0 0 0 0 0 0 0  </fenetre>
<fenetre> 0 0 0 0 0 0 0 8 31 40 47 375 350 118 46 9 0 0 0 0 0 0 0 0 0  </fenetre>
<fenetre> 0 0 0 0 0 0 0 0 2 16 167 327 331 127 38 15 1 0 0 0 0 0 0 0 0  </fenetre>
<fenetre> 0 0 0 0 0 0 0 0 0 6 216 283 305 159 53 2 0 0 0 0 0 0 0 0 0  </fenetre>
<fenetre> 0 0 0 0 0 0 0 0 0 12 140 320 401 145 6 0 0 0 0 0 0 0 0 0 0  </fenetre>
<fenetre> 0 0 0 0 0 0 0 0 0 7 103 403 385 116 10 0 0 0 0 0 0 0 0 0 0  </fenetre>
<fenetre> 0 0 0 0 0 0 0 0 7 17 103 374 380 111 24 8 0 0 0 0 0 0 0 0 0  </fenetre>
<fenetre> 0 0 0 0 0 0 0 0 4 145 164 149 253 196 113 0 0 0 0 0 0 0 0 0 0  </fenetre>
<fenetre> 0 0 0 0 0 0 0 0 8 96 144 270 228 132 142 4 0 0 0 0 0 0 0 0 0  </fenetre>
<fenetre> 0 0 0 0 0 0 0 12 56 53 74 207 372 210 40 0 0 0 0 0 0 0 0 0 0  </fenetre>
<fenetre> 0 0 0 0 0 0 0 0 2 55 73 374 369 129 22 0 0 0 0 0 0 0 0 0 0  </fenetre>
<fenetre> 0 0 0 0 0 0 0 0 0 63 202 209 242 271 37 0 0 0 0 0 0 0 0 0 0  </fenetre>
<fenetre> 0 0 0 0 0 0 0 0 1 19 140 337 344 162 21 0 0 0 0 0 0 0 0 0 0  </fenetre>
<fenetre> 0 0 0 0 0 0 0 0 23 57 136 296 334 93 46 29 7 3 0 0 0 0 0 0 0  </fenetre>
<fenetre> 0 0 0 0 0 0 0 0 60 107 155 124 185 252 138 3 0 0 0 0 0 0 0 0 0  </fenetre>
<fenetre> 0 0 0 0 0 0 0 14 58 110 125 135 209 240 127 6 0 0 0 0 0 0 0 0 0  </fenetre>
<fenetre> 0 0 0 0 0 0 0 0 1 11 47 348 540 71 6 0 0 0 0 0 0 0 0 0 0  </fenetre>
<fenetre> 0 0 0 0 0 0 0 0 15 10 36 398 502 34 13 13 3 0 0 0 0 0 0 0 0  </fenetre>
<fenetre> 0 0 0 0 0 0 0 0 11 33 101 339 379 113 43 5 0 0 0 0 0 0 0 0 0  </fenetre>
<fenetre> 0 0 0 0 0 0 0 0 0 0 0 296 728 0 0 0 0 0 0 0 0 0 0 0 0  </fenetre>
<fenetre> 0 0 0 0 0 0 0 0 0 3 40 338 601 38 4 0 0 0 0 0 0 0 0 0 0  </fenetre>
<fenetre> 0 0 0 0 0 0 0 0 0 0 42 439 513 26 4 0 0 0 0 0 0 0 0 0 0  </fenetre>
<fenetre> 0 0 0 0 0 0 0 0 0 0 0 406 618 0 0 0 0 0 0 0 0 0 0 0 0  </fenetre>
<fenetre> 0 0 0 0 0 0 0 0 0 0 0 447 577 0 0 0 0 0 0 0 0 0 0 0 0  </fenetre>
<fenetre> 0 0 0 0 0 0 0 0 0 0 3 468 550 3 0 0 0 0 0 0 0 0 0 0 0  </fenetre>
<fenetre> 0 0 0 0 0 0 0 0 0 0 0 441 583 0 0 0 0 0 0 0 0 0 0 0 0  </fenetre>
<fenetre> 0 0 0 0 0 0 0 0 0 0 0 427 597 0 0 0 0 0 0 0 0 0 0 0 0  </fenetre>
<fenetre> 0 0 0 0 0 0 0 0 0 0 0 410 614 0 0 0 0 0 0 0 0 0 0 0 0  </fenetre>
<fenetre> 0 0 0 0 0 0 5 5 30 95 152 216 257 107 65 54 25 12 1 0 0 0 0 0 0  </fenetre>
<fenetre> 0 0 0 0 0 1 3 22 42 62 143 215 217 162 94 43 14 6 0 0 0 0 0 0 0  </fenetre>
<fenetre> 0 0 0 0 0 0 0 6 57 104 201 191 150 133 120 39 20 3 0 0 0 0 0 0 0  </fenetre>
<fenetre> 0 0 0 0 0 0 0 7 45 96 194 176 182 160 109 50 4 1 0 0 0 0 0 0 0  </fenetre>
<fenetre> 0 0 0 0 0 0 2 5 30 74 172 236 211 166 79 34 12 3 0 0 0 0 0 0 0  </fenetre>
<fenetre> 0 0 0 0 0 0 0 11 16 64 185 236 194 175 121 22 0 0 0 0 0 0 0 0 0  </fenetre>
<fenetre> 0 0 0 0 0 0 1 3 23 66 179 241 243 168 73 23 3 1 0 0 0 0 0 0 0  </fenetre>
<fenetre> 0 0 0 0 0 0 0 2 13 61 147 256 278 191 59 16 1 0 0 0 0 0 0 0 0  </fenetre>
<fenetre> 0 0 0 0 0 0 0 2 11 82 173 234 274 198 44 6 0 0 0 0 0 0 0 0 0  </fenetre>
<fenetre> 0 0 0 0 0 0 0 8 34 89 130 216 194 179 120 44 10 0 0 0 0 0 0 0 0  </fenetre>
<fenetre> 0 0 0 0 0 0 0 1 34 89 182 210 226 162 83 31 5 1 0 0 0 0 0 0 0  </fenetre>
<fenetre> 0 0 0 0 0 0 1 6 34 100 163 184 245 154 90 39 8 0 0 0 0 0 0 0 0  </fenetre>
<fenetre> 0 0 0 0 0 0 0 1 36 79 151 213 251 175 82 33 3 0 0 0 0 0 0 0 0  </fenetre>
<fenetre> 0 0 0 0 0 2 6 9 42 92 126 194 246 208 84 14 1 0 0 0 0 0 0 0 0  </fenetre>
<fenetre> 0 0 0 0 0 0 0 8 29 88 147 224 237 155 94 37 5 0 0 0 0 0 0 0 0  </fenetre>
<fenetre> 0 0 0 0 0 0 1 11 39 116 109 179 208 210 116 31 4 0 0 0 0 0 0 0 0  </fenetre>
<fenetre> 0 0 0 0 0 0 2 18 54 86 134 166 221 168 117 55 3 0 0 0 0 0 0 0 0  </fenetre>
<fenetre> 0 0 0 0 0 0 1 6 40 121 132 187 232 172 103 28 2 0 0 0 0 0 0 0 0  </fenetre>
<fenetre> 0 0 0 0 0 0 0 2 18 83 171 260 212 162 90 20 6 0 0 0 0 0 0 0 0  </fenetre>
<fenetre> 0 0 0 0 0 0 0 0 7 53 186 289 236 159 76 18 0 0 0 0 0 0 0 0 0  </fenetre>
<fenetre> 0 0 0 0 0 0 0 0 14 83 159 263 228 167 81 27 2 0 0 0 0 0 0 0 0  </fenetre>
<fenetre> 0 0 0 0 0 0 0 0 5 72 186 224 263 166 79 28 1 0 0 0 0 0 0 0 0  </fenetre>
<fenetre> 0 0 0 0 0 0 0 0 3 79 184 253 256 155 61 29 4 0 0 0 0 0 0 0 0  </fenetre>
<fenetre> 0 0 0 0 0 0 0 0 8 61 205 261 237 148 83 20 1 0 0 0 0 0 0 0 0  </fenetre>
<fenetre> 0 0 0 0 0 0 0 0 6 67 209 254 245 145 83 15 0 0 0 0 0 0 0 0 0  </fenetre>
<fenetre> 0 0 0 0 0 0 0 0 7 53 150 283 277 178 56 20 0 0 0 0 0 0 0 0 0  </fenetre>
<fenetre> 0 0 0 0 0 0 0 1 12 76 168 222 284 186 49 24 2 0 0 0 0 0 0 0 0  </fenetre>
<fenetre> 0 0 0 0 0 0 0 1 15 75 163 230 236 206 76 19 3 0 0 0 0 0 0 0 0  </fenetre>
<fenetre> 0 0 0 0 0 0 0 0 10 85 200 243 215 150 91 26 4 0 0 0 0 0 0 0 0  </fenetre>
<fenetre> 0 0 0 0 0 0 0 0 24 86 231 214 166 161 102 34 5 1 0 0 0 0 0 0 0  </fenetre>
<fenetre> 0 0 0 0 0 0 0 0 23 91 199 204 190 141 134 41 1 0 0 0 0 0 0 0 0  </fenetre>
<fenetre> 0 0 0 0 0 0 0 0 16 99 182 231 224 120 99 43 10 0 0 0 0 0 0 0 0  </fenetre>
<fenetre> 0 0 0 0 0 0 0 1 21 82 194 241 205 141 92 39 8 0 0 0 0 0 0 0 0  </fenetre>
<fenetre> 0 0 0 0 0 0 0 0 11 91 173 241 263 124 65 41 13 2 0 0 0 0 0 0 0  </fenetre>
<fenetre> 0 0 0 0 0 0 0 0 8 98 171 282 260 90 42 47 26 0 0 0 0 0 0 0 0  </fenetre>
<fenetre> 0 0 0 0 0 0 0 0 3 83 177 327 222 87 54 51 19 1 0 0 0 0 0 0 0  </fenetre>
<fenetre> 0 0 0 0 0 0 0 0 5 72 160 329 202 121 55 66 14 0 0 0 0 0 0 0 0  </fenetre>
<fenetre> 0 0 0 0 0 0 0 0 21 81 103 296 326 104 40 36 17 0 0 0 0 0 0 0 0  </fenetre>
<fenetre> 0 0 0 0 0 0 0 0 29 81 90 237 376 137 41 27 6 0 0 0 0 0 0 0 0  </fenetre>
<fenetre> 0 0 0 0 0 0 0 0 27 97 94 236 346 162 51 11 0 0 0 0 0 0 0 0 0  </fenetre>
<fenetre> 0 0 0 0 0 0 0 0 31 92 110 268 249 208 59 7 0 0 0 0 0 0 0 0 0  </fenetre>
<fenetre> 0 0 0 0 0 0 0 0 18 77 138 224 294 178 84 11 0 0 0 0 0 0 0 0 0  </fenetre>
<fenetre> 0 0 0 0 0 0 0 0 12 85 153 216 271 195 65 27 0 0 0 0 0 0 0 0 0  </fenetre>
<fenetre> 0 0 0 0 0 0 0 0 0 100 197 176 291 153 90 17 0 0 0 0 0 0 0 0 0  </fenetre>
<fenetre> 0 0 0 0 0 0 0 0 4 51 240 203 276 143 76 31 0 0 0 0 0 0 0 0 0  </fenetre>
<fenetre> 0 0 0 0 0 0 0 0 19 95 185 237 211 146 95 36 0 0 0 0 0 0 0 0 0  </fenetre>
<fenetre> 0 0 0 0 0 0 0 0 9 94 189 225 199 179 113 16 0 0 0 0 0 0 0 0 0  </fenetre>
<fenetre> 0 0 0 0 0 1 8 9 30 113 174 145 212 146 121 44 14 7 0 0 0 0 0 0 0  </fenetre>
<fenetre> 0 0 0 0 0 0 0 0 11 59 128 286 320 154 50 13 3 0 0 0 0 0 0 0 0  </fenetre>
<fenetre> 0 0 0 0 0 0 0 1 13 99 222 233 139 146 136 32 3 0 0 0 0 0 0 0 0  </fenetre>
<fenetre> 0 0 0 0 0 0 0 0 0 22 148 378 277 162 35 2 0 0 0 0 0 0 0 0 0  </fenetre>
<fenetre> 0 0 0 0 0 0 1 8 11 65 156 291 218 169 84 17 4 0 0 0 0 0 0 0 0  </fenetre>
<fenetre> 0 0 0 0 0 0 0 0 4 75 180 246 254 156 104 5 0 0 0 0 0 0 0 0 0  </fenetre>
<fenetre> 0 0 0 0 0 0 0 0 2 15 117 364 388 100 29 9 0 0 0 0 0 0 0 0 0  </fenetre>
<fenetre> 0 0 0 0 0 0 0 0 6 43 83 374 360 106 49 3 0 0 0 0 0 0 0 0 0  </fenetre>
<fenetre> 0 0 0 0 0 0 0 0 0 0 26 420 550 28 0 0 0 0 0 0 0 0 0 0 0  </fenetre>
<fenetre> 0 0 0 0 0 0 0 0 0 3 74 420 429 95 3 0 0 0 0 0 0 0 0 0 0  </fenetre>
<fenetre> 0 0 0 0 0 0 0 0 6 80 135 287 282 132 102 0 0 0 0 0 0 0 0 0 0  </fenetre>
<fenetre> 0 0 0 0 0 0 0 0 0 88 124 281 311 129 91 0 0 0 0 0 0 0 0 0 0  </fenetre>
<fenetre> 0 0 0 0 0 0 0 0 0 0 12 369 631 12 0 0 0 0 0 0 0 0 0 0 0  </fenetre>
<fenetre> 0 0 0 0 0 0 0 0 9 109 194 221 204 130 111 44 2 0 0 0 0 0 0 0 0  </fenetre>
<fenetre> 0 0 0 0 0 0 0 0 2 77 168 273 217 174 106 7 0 0 0 0 0 0 0 0 0  </fenetre>
<fenetre> 0 0 0 0 0 0 0 0 0 26 63 393 446 69 27 0 0 0 0 0 0 0 0 0 0  </fenetre>
<fenetre> 0 0 0 0 0 0 0 0 0 0 35 408 528 53 0 0 0 0 0 0 0 0 0 0 0  </fenetre>
<fenetre> 0 0 0 0 0 0 0 2 36 114 156 199 225 131 93 57 11 0 0 0 0 0 0 0 0  </fenetre>
<fenetre> 0 0 0 0 0 0 0 0 0 0 15 408 587 14 0 0 0 0 0 0 0 0 0 0 0  </fenetre>
<fenetre> 0 0 0 0 0 0 0 0 11 59 96 351 323 76 77 31 0 0 0 0 0 0 0 0 0  </fenetre>
<fenetre> 0 0 0 0 0 0 0 0 9 131 189 200 184 141 150 20 0 0 0 0 0 0 0 0 0  </fenetre>
<fenetre> 0 0 0 0 0 0 0 0 12 84 227 197 233 118 115 30 7 1 0 0 0 0 0 0 0  </fenetre>
<fenetre> 0 0 0 0 0 0 0 0 7 57 216 241 279 101 121 2 0 0 0 0 0 0 0 0 0  </fenetre>
<fenetre> 0 0 0 0 0 0 0 0 5 49 141 308 290 157 73 1 0 0 0 0 0 0 0 0 0  </fenetre>
<fenetre> 0 0 0 0 0 0 0 0 0 1 147 441 216 167 52 0 0 0 0 0 0 0 0 0 0  </fenetre>
<fenetre> 0 0 0 0 0 0 0 0 0 13 197 330 215 232 37 0 0 0 0 0 0 0 0 0 0  </fenetre>
<fenetre> 0 0 0 0 0 0 0 0 0 17 95 382 410 97 23 0 0 0 0 0 0 0 0 0 0  </fenetre>
<fenetre> 0 0 0 0 0 0 0 0 0 0 2 457 562 3 0 0 0 0 0 0 0 0 0 0 0  </fenetre>
<fenetre> 0 0 0 0 0 0 0 0 0 21 217 251 302 208 25 0 0 0 0 0 0 0 0 0 0  </fenetre>
<fenetre> 0 0 0 0 0 0 0 0 0 9 96 361 445 113 0 0 0 0 0 0 0 0 0 0 0  </fenetre>
<fenetre> 0 0 0 0 0 0 0 1 71 95 105 179 233 205 122 13 0 0 0 0 0 0 0 0 0  </fenetre>
<fenetre> 0 0 0 0 0 0 0 0 0 0 10 457 536 21 0 0 0 0 0 0 0 0 0 0 0  </fenetre>
<fenetre> 0 0 0 0 0 0 0 0 0 0 25 458 518 20 3 0 0 0 0 0 0 0 0 0 0  </fenetre>
<fenetre> 0 0 0 0 0 0 0 0 2 78 298 210 127 109 141 59 0 0 0 0 0 0 0 0 0  </fenetre>
<fenetre> 0 0 0 0 0 0 0 0 0 18 231 277 265 163 69 1 0 0 0 0 0 0 0 0 0  </fenetre>
<fenetre> 0 0 0 0 0 0 0 0 0 0 26 411 560 26 1 0 0 0 0 0 0 0 0 0 0  </fenetre>
<fenetre> 0 0 0 0 0 0 0 0 1 64 176 338 244 76 61 52 11 1 0 0 0 0 0 0 0  </fenetre>
<fenetre> 0 0 0 0 0 0 0 0 0 37 272 227 215 162 108 3 0 0 0 0 0 0 0 0 0  </fenetre>
<fenetre> 0 0 0 0 0 0 0 0 9 155 291 122 92 98 109 147 1 0 0 0 0 0 0 0 0  </fenetre>
<fenetre> 0 0 0 0 0 0 0 0 2 205 241 118 107 96 121 134 0 0 0 0 0 0 0 0 0  </fenetre>
<fenetre> 0 0 0 0 0 0 0 0 0 85 110 286 364 84 70 25 0 0 0 0 0 0 0 0 0  </fenetre>
<fenetre> 0 0 0 0 0 0 0 0 0 2 15 406 579 16 6 0 0 0 0 0 0 0 0 0 0  </fenetre>
<fenetre> 0 0 0 0 0 0 1 0 12 103 169 220 225 172 99 23 0 0 0 0 0 0 0 0 0  </fenetre>
<fenetre> 0 0 0 0 0 0 0 0 0 0 21 435 542 26 0 0 0 0 0 0 0 0 0 0 0  </fenetre>
<fenetre> 0 0 0 0 0 0 0 0 0 1 75 435 421 89 3 0 0 0 0 0 0 0 0 0 0  </fenetre>
<fenetre> 0 0 0 0 0 0 0 0 23 112 103 240 323 86 92 44 1 0 0 0 0 0 0 0 0  </fenetre>
<fenetre> 0 0 0 0 0 0 0 1 7 159 218 149 138 136 196 20 0 0 0 0 0 0 0 0 0  </fenetre>
<fenetre> 0 0 0 0 0 0 0 3 41 93 156 230 181 150 111 57 2 0 0 0 0 0 0 0 0  </fenetre>
<fenetre> 0 0 0 0 0 0 0 0 0 31 187 377 182 128 104 15 0 0 0 0 0 0 0 0 0  </fenetre>
<fenetre> 0 0 0 0 0 0 0 0 0 233 203 127 109 104 159 89 0 0 0 0 0 0 0 0 0  </fenetre>
<fenetre> 0 0 0 0 0 0 0 0 0 233 166 140 125 109 164 87 0 0 0 0 0 0 0 0 0  </fenetre>
<fenetre> 0 0 0 0 0 0 0 0 1 149 175 189 188 160 115 47 0 0 0 0 0 0 0 0 0  </fenetre>
<fenetre> 0 0 0 0 0 0 0 0 51 141 99 155 273 142 139 24 0 0 0 0 0 0 0 0 0  </fenetre>
<fenetre> 0 0 0 0 0 0 0 0 1 48 146 291 318 179 41 0 0 0 0 0 0 0 0 0 0  </fenetre>
<fenetre> 0 0 0 0 0 0 0 0 6 64 135 359 262 107 50 39 2 0 0 0 0 0 0 0 0  </fenetre>
<fenetre> 0 0 0 0 0 0 0 0 0 73 263 207 174 146 123 38 0 0 0 0 0 0 0 0 0  </fenetre>
<fenetre> 0 0 0 0 0 0 0 0 0 35 70 394 409 92 24 0 0 0 0 0 0 0 0 0 0  </fenetre>
<fenetre> 0 0 0 0 0 0 0 0 22 77 168 226 278 151 58 32 12 0 0 0 0 0 0 0 0  </fenetre>
<fenetre> 0 0 0 0 0 0 0 0 0 41 256 317 142 127 89 50 2 0 0 0 0 0 0 0 0  </fenetre>
<fenetre> 0 0 0 0 0 0 0 0 0 3 203 271 365 181 1 0 0 0 0 0 0 0 0 0 0  </fenetre>
<fenetre> 0 0 0 0 0 0 0 0 53 87 108 195 303 160 92 26 0 0 0 0 0 0 0 0 0  </fenetre>
<fenetre> 0 0 0 0 0 0 0 0 1 60 171 301 265 153 56 17 0 0 0 0 0 0 0 0 0  </fenetre>
<fenetre> 0 0 0 0 0 0 0 0 0 11 82 390 473 49 19 0 0 0 0 0 0 0 0 0 0  </fenetre>
<fenetre> 0 0 0 0 0 0 0 0 0 0 0 383 639 2 0 0 0 0 0 0 0 0 0 0 0  </fenetre>
<fenetre> 0 0 0 0 0 0 0 0 0 0 118 332 517 57 0 0 0 0 0 0 0 0 0 0 0  </fenetre>
<fenetre> 0 0 0 0 0 0 0 2 61 48 104 239 346 123 90 11 0 0 0 0 0 0 0 0 0  </fenetre>
<fenetre> 0 0 0 0 0 0 0 0 0 27 259 240 237 146 104 11 0 0 0 0 0 0 0 0 0  </fenetre>
<fenetre> 0 0 0 0 0 0 0 0 27 93 201 157 225 211 108 2 0 0 0 0 0 0 0 0 0  </fenetre>
<fenetre> 0 0 0 0 0 0 0 0 30 110 128 169 195 376 16 0 0 0 0 0 0 0 0 0 0  </fenetre>
<fenetre> 0 0 0 0 0 0 0 0 10 31 159 349 317 65 45 43 5 0 0 0 0 0 0 0 0  </fenetre>
<fenetre> 0 0 0 0 0 0 0 0 0 4 191 372 258 117 76 6 0 0 0 0 0 0 0 0 0  </fenetre>
<fenetre> 0 0 0 0 0 0 0 0 0 30 198 326 265 120 76 9 0 0 0 0 0 0 0 0 0  </fenetre>
<fenetre> 0 0 0 0 0 0 0 0 4 67 108 228 451 146 20 0 0 0 0 0 0 0 0 0 0  </fenetre>
<fenetre> 0 0 0 0 0 0 0 0 10 72 160 262 306 117 54 32 11 0 0 0 0 0 0 0 0  </fenetre>
<fenetre> 0 0 0 0 0 0 0 0 0 37 94 422 283 148 39 1 0 0 0 0 0 0 0 0 0  </fenetre>
<fenetre> 0 0 0 0 0 0 0 0 0 0 80 440 403 101 0 0 0 0 0 0 0 0 0 0 0  </fenetre>
<fenetre> 0 0 0 0 0 0 0 0 0 19 122 334 395 112 42 0 0 0 0 0 0 0 0 0 0  </fenetre>
<fenetre> 0 0 0 0 0 0 0 0 0 33 241 280 261 82 84 42 1 0 0 0 0 0 0 0 0  </fenetre>
<fenetre> 0 0 0 0 0 0 0 0 0 29 256 326 168 111 101 33 0 0 0 0 0 0 0 0 0  </fenetre>
<fenetre> 0 0 0 0 0 0 0 0 0 28 131 396 269 127 71 2 0 0 0 0 0 0 0 0 0  </fenetre>
<fenetre> 0 0 0 0 0 0 0 0 0 0 15 457 534 18 0 0 0 0 0 0 0 0 0 0 0  </fenetre>
<fenetre> 0 0 0 0 0 0 0 0 0 114 181 205 203 225 96 0 0 0 0 0 0 0 0 0 0  </fenetre>
<fenetre> 0 0 0 0 0 0 0 0 63 90 132 149 216 285 87 2 0 0 0 0 0 0 0 0 0  </fenetre>
<fenetre> 0 0 0 0 0 0 0 0 1 48 206 303 211 138 110 7 0 0 0 0 0 0 0 0 0  </fenetre>
<fenetre> 0 0 0 0 0 0 0 0 43 107 145 144 175 341 69 0 0 0 0 0 0 0 0 0 0  </fenetre>
<fenetre> 0 0 0 0 0 0 0 0 0 37 73 410 372 105 23 4 0 0 0 0 0 0 0 0 0  </fenetre>
<fenetre> 0 0 0 0 0 0 0 0 2 53 244 242 227 147 67 38 4 0 0 0 0 0 0 0 0  </fenetre>
<fenetre> 0 0 0 0 0 0 0 0 36 107 126 196 223 264 48 24 0 0 0 0 0 0 0 0 0  </fenetre>
<fenetre> 0 0 0 0 0 0 0 0 5 102 109 268 309 128 102 1 0 0 0 0 0 0 0 0 0  </fenetre>
<fenetre> 0 0 0 0 0 0 0 0 27 109 107 204 263 236 61 17 0 0 0 0 0 0 0 0 0  </fenetre>
<fenetre> 0 0 0 0 0 0 0 0 3 117 120 225 285 242 32 0 0 0 0 0 0 0 0 0 0  </fenetre>
<fenetre> 0 0 0 0 0 0 0 12 35 24 38 348 414 110 40 3 0 0 0 0 0 0 0 0 0  </fenetre>
<fenetre> 0 0 0 0 0 0 0 0 23 48 46 294 471 121 21 0 0 0 0 0 0 0 0 0 0  </fenetre>
<fenetre> 0 0 0 0 0 0 0 9 41 44 44 269 431 113 70 3 0 0 0 0 0 0 0 0 0  </fenetre>
<fenetre> 0 0 0 0 0 0 0 0 9 14 61 414 452 56 10 6 2 0 0 0 0 0 0 0 0  </fenetre>
<fenetre> 0 0 0 0 0 0 0 0 16 54 170 273 275 141 64 31 0 0 0 0 0 0 0 0 0  </fenetre>
<fenetre> 0 0 0 0 0 0 0 0 0 0 20 426 563 15 0 0 0 0 0 0 0 0 0 0 0  </fenetre>
<fenetre> 0 0 0 0 0 0 0 0 0 16 114 374 378 122 20 0 0 0 0 0 0 0 0 0 0  </fenetre>
<fenetre> 0 0 0 0 0 0 0 0 0 47 98 316 401 117 45 0 0 0 0 0 0 0 0 0 0  </fenetre>
<fenetre> 0 0 0 0 0 0 0 0 0 15 40 344 592 17 8 5 3 0 0 0 0 0 0 0 0  </fenetre>
<fenetre> 0 0 0 0 0 0 0 0 0 13 237 346 203 115 78 20 11 1 0 0 0 0 0 0 0  </fenetre>
<fenetre> 0 0 0 0 0 0 0 0 10 88 163 164 307 257 35 0 0 0 0 0 0 0 0 0 0  </fenetre>
<fenetre> 0 0 0 0 0 0 0 0 58 122 82 135 295 252 79 1 0 0 0 0 0 0 0 0 0  </fenetre>
<fenetre> 0 0 0 0 0 0 2 16 64 114 97 125 219 274 73 40 0 0 0 0 0 0 0 0 0  </fenetre>
<fenetre> 0 0 0 0 0 0 0 0 0 50 185 297 232 173 87 0 0 0 0 0 0 0 0 0 0  </fenetre>
<fenetre> 0 0 0 0 0 0 0 0 0 1 31 373 583 36 0 0 0 0 0 0 0 0 0 0 0  </fenetre>
<fenetre> 0 0 0 0 0 0 0 0 0 4 14 351 624 12 11 5 3 0 0 0 0 0 0 0 0  </fenetre>
<fenetre> 0 0 0 0 0 0 0 0 0 31 268 362 132 73 95 59 4 0 0 0 0 0 0 0 0  </fenetre>
<fenetre> 0 0 0 0 0 0 0 0 24 219 154 142 122 113 139 108 3 0 0 0 0 0 0 0 0  </fenetre>
<fenetre> 0 0 0 0 0 0 0 0 2 163 244 145 117 108 160 85 0 0 0 0 0 0 0 0 0  </fenetre>
<fenetre> 0 0 0 0 0 0 0 0 1 71 204 304 144 139 153 8 0 0 0 0 0 0 0 0 0  </fenetre>
<fenetre> 0 0 0 0 0 0 0 0 0 75 230 248 155 163 147 6 0 0 0 0 0 0 0 0 0  </fenetre>
<fenetre> 0 0 0 0 0 0 0 0 2 76 102 257 435 125 27 0 0 0 0 0 0 0 0 0 0  </fenetre>
<fenetre> 0 0 0 0 0 0 0 0 0 14 108 382 417 65 16 14 8 0 0 0 0 0 0 0 0  </fenetre>
<fenetre> 0 0 0 0 0 0 0 0 0 53 229 228 274 171 37 25 7 0 0 0 0 0 0 0 0  </fenetre>
<fenetre> 0 0 0 0 0 0 0 0 0 175 199 172 125 134 217 2 0 0 0 0 0 0 0 0 0  </fenetre>
<fenetre> 0 0 0 0 0 0 0 0 0 65 92 282 433 90 62 0 0 0 0 0 0 0 0 0 0  </fenetre>
<fenetre> 0 0 0 0 0 0 0 0 0 2 24 372 606 15 5 0 0 0 0 0 0 0 0 0 0  </fenetre>
<fenetre> 0 0 0 0 0 0 0 0 6 65 145 337 217 144 86 24 0 0 0 0 0 0 0 0 0  </fenetre>
<fenetre> 0 0 0 0 0 0 0 0 0 0 12 482 480 50 0 0 0 0 0 0 0 0 0 0 0  </fenetre>
<fenetre> 0 0 0 0 0 0 0 0 0 0 0 411 607 6 0 0 0 0 0 0 0 0 0 0 0  </fenetre>
<fenetre> 0 0 0 0 0 0 0 0 0 13 88 449 370 52 50 2 0 0 0 0 0 0 0 0 0  </fenetre>
<fenetre> 0 0 0 0 0 0 0 0 0 15 94 435 370 57 52 1 0 0 0 0 0 0 0 0 0  </fenetre>
<fenetre> 0 0 0 0 0 0 0 0 0 83 138 280 335 120 34 33 1 0 0 0 0 0 0 0 0  </fenetre>
<fenetre> 0 0 0 0 0 0 0 0 0 115 206 196 203 140 115 49 0 0 0 0 0 0 0 0 0  </fenetre>
<fenetre> 0 0 0 0 0 0 0 0 39 75 80 275 344 109 87 15 0 0 0 0 0 0 0 0 0  </fenetre>
<fenetre> 0 0 0 0 0 0 0 0 0 0 5 448 564 6 1 0 0 0 0 0 0 0 0 0 0  </fenetre>
<fenetre> 0 0 0 0 0 0 0 0 0 0 78 391 411 117 20 7 0 0 0 0 0 0 0 0 0  </fenetre>
<fenetre> 0 0 0 0 0 0 0 0 4 91 130 285 308 119 60 19 8 0 0 0 0 0 0 0 0  </fenetre>
<fenetre> 0 0 0 0 0 0 0 0 1 18 189 297 292 213 14 0 0 0 0 0 0 0 0 0 0  </fenetre>
<fenetre> 0 0 0 0 0 0 0 0 6 72 222 206 239 192 61 26 0 0 0 0 0 0 0 0 0  </fenetre>
<fenetre> 0 0 0 0 0 0 0 0 0 41 171 326 258 136 77 15 0 0 0 0 0 0 0 0 0  </fenetre>
<fenetre> 0 0 0 0 0 0 0 0 0 1 23 399 601 0 0 0 0 0 0 0 0 0 0 0 0  </fenetre>
<fenetre> 0 0 0 0 0 0 0 3 51 57 94 263 316 147 82 11 0 0 0 0 0 0 0 0 0  </fenetre>
<fenetre> 0 0 0 0 0 0 0 0 5 35 185 262 356 116 57 8 0 0 0 0 0 0 0 0 0  </fenetre>
<fenetre> 0 0 0 0 0 0 0 0 0 0 56 389 515 57 7 0 0 0 0 0 0 0 0 0 0  </fenetre>
<fenetre> 0 0 0 0 0 0 0 0 0 0 0 173 848 2 1 0 0 0 0 0 0 0 0 0 0  </fenetre>
<fenetre> 0 0 0 0 0 0 0 2 30 91 134 279 214 127 109 36 2 0 0 0 0 0 0 0 0  </fenetre>
<fenetre> 0 0 0 0 0 0 0 0 0 1 37 428 502 54 2 0 0 0 0 0 0 0 0 0 0  </fenetre>
<fenetre> 0 0 0 0 0 0 0 3 50 79 120 245 276 115 74 60 2 0 0 0 0 0 0 0 0  </fenetre>
<fenetre> 0 0 0 0 0 0 0 0 0 19 47 382 509 47 19 1 0 0 0 0 0 0 0 0 0  </fenetre>
<fenetre> 0 0 0 0 0 0 0 0 0 4 83 401 436 94 6 0 0 0 0 0 0 0 0 0 0  </fenetre>
<fenetre> 0 0 0 0 0 0 1 2 15 42 81 359 356 90 42 36 0 0 0 0 0 0 0 0 0  </fenetre>
<fenetre> 0 0 0 0 0 0 0 5 87 178 113 109 130 165 174 63 0 0 0 0 0 0 0 0 0  </fenetre>
<fenetre> 0 0 0 0 0 0 0 0 6 97 182 207 221 205 96 9 1 0 0 0 0 0 0 0 0  </fenetre>
<fenetre> 0 0 0 0 0 0 0 0 0 45 152 369 260 91 71 35 1 0 0 0 0 0 0 0 0  </fenetre>
<fenetre> 0 0 0 0 0 0 0 0 0 11 199 377 213 107 104 13 0 0 0 0 0 0 0 0 0  </fenetre>
<fenetre> 0 0 0 0 0 0 0 0 6 124 201 204 187 130 152 20 0 0 0 0 0 0 0 0 0  </fenetre>
<fenetre> 0 0 0 0 0 0 0 0 0 0 8 340 650 26 0 0 0 0 0 0 0 0 0 0 0  </fenetre>
<fenetre> 0 0 0 0 0 0 0 0 0 0 0 399 625 0 0 0 0 0 0 0 0 0 0 0 0  </fenetre>
<fenetre> 0 0 0 0 0 0 0 0 0 0 0 435 589 0 0 0 0 0 0 0 0 0 0 0 0  </fenetre>
<fenetre> 0 0 0 0 0 0 0 0 0 0 0 430 594 0 0 0 0 0 0 0 0 0 0 0 0  </fenetre>
<fenetre> 0 0 0 0 0 0 0 0 0 0 0 394 630 0 0 0 0 0 0 0 0 0 0 0 0  </fenetre>
<fenetre> 0 0 0 0 0 0 0 0 0 0 0 288 736 0 0 0 0 0 0 0 0 0 0 0 0  </fenetre>
<fenetre> 0 0 0 0 0 0 0 1 36 61 82 250 404 120 52 17 1 0 0 0 0 0 0 0 0  </fenetre>
<fenetre> 0 0 0 0 0 0 0 0 7 25 107 335 387 145 18 0 0 0 0 0 0 0 0 0 0  </fenetre>
<fenetre> 0 0 0 0 0 0 0 0 31 87 156 249 252 102 95 46 6 0 0 0 0 0 0 0 0  </fenetre>
<fenetre> 0 0 0 0 0 0 0 0 14 70 181 265 201 174 97 22 0 0 0 0 0 0 0 0 0  </fenetre>
<fenetre> 0 0 0 0 0 0 0 0 0 20 108 403 326 149 18 0 0 0 0 0 0 0 0 0 0  </fenetre>
<fenetre> 0 0 0 0 0 0 0 0 0 7 114 376 397 123 7 0 0 0 0 0 0 0 0 0 0  </fenetre>
<fenetre> 0 0 0 0 0 0 0 0 1 17 79 380 442 69 33 3 0 0 0 0 0 0 0 0 0  </fenetre>
<fenetre> 0 0 0 0 0 0 0 0 28 100 148 275 181 151 97 35 9 0 0 0 0 0 0 0 0  </fenetre>
<fenetre> 0 0 0 0 0 0 0 0 0 7 175 371 242 189 37 3 0 0 0 0 0 0 0 0 0  </fenetre>
<fenetre> 0 0 0 0 0 0 0 0 0 0 6 437 573 8 0 0 0 0 0 0 0 0 0 0 0  </fenetre>
<fenetre> 0 0 0 0 0 0 0 0 0 2 4 187 825 4 2 0 0 0 0 0 0 0 0 0 0  </fenetre>
<fenetre> 0 0 0 0 0 0 0 0 5 69 166 292 298 63 74 51 6 0 0 0 0 0 0 0 0  </fenetre>
<fenetre> 0 0 0 0 0 0 0 0 0 10 248 247 282 170 67 0 0 0 0 0 0 0 0 0 0  </fenetre>
<fenetre> 0 0 0 0 0 0 0 0 23 132 168 164 211 192 80 52 2 0 0 0 0 0 0 0 0  </fenetre>
<fenetre> 0 0 0 0 0 0 0 0 10 32 59 299 531 50 40 3 0 0 0 0 0 0 0 0 0  </fenetre>
<fenetre> 0 0 0 0 0 0 0 0 0 32 143 352 348 84 35 30 0 0 0 0 0 0 0 0 0  </fenetre>
<fenetre> 0 0 0 0 0 0 0 0 0 0 8 503 499 14 0 0 0 0 0 0 0 0 0 0 0  </fenetre>
<fenetre> 0 0 0 0 0 0 0 0 18 16 37 396 478 47 17 12 3 0 0 0 0 0 0 0 0  </fenetre>
<fenetre> 0 0 0 0 0 0 0 0 34 66 147 191 355 155 52 24 0 0 0 0 0 0 0 0 0  </fenetre>
<fenetre> 0 0 0 0 0 0 0 1 20 88 158 202 265 177 95 18 0 0 0 0 0 0 0 0 0  </fenetre>
<fenetre> 0 0 0 0 0 0 0 0 0 0 5 419 593 7 0 0 0 0 0 0 0 0 0 0 0  </fenetre>
<fenetre> 0 0 0 0 0 0 0 0 7 35 92 370 392 91 31 6 0 0 0 0 0 0 0 0 0  </fenetre>
<fenetre> 0 0 0 0 0 0 0 0 35 91 84 268 312 94 99 41 0 0 0 0 0 0 0 0 0  </fenetre>
<fenetre> 0 0 0 0 0 0 0 0 0 0 14 350 627 31 2 0 0 0 0 0 0 0 0 0 0  </fenetre>
<fenetre> 0 0 0 0 0 0 0 0 0 22 113 388 374 90 21 13 3 0 0 0 0 0 0 0 0  </fenetre>
<fenetre> 0 0 0 0 0 0 0 0 0 28 75 451 313 97 57 3 0 0 0 0 0 0 0 0 0  </fenetre>
<fenetre> 0 0 0 0 0 0 0 0 0 0 0 284 740 0 0 0 0 0 0 0 0 0 0 0 0  </fenetre>
<fenetre> 0 0 0 0 0 0 0 0 0 0 30 440 503 51 0 0 0 0 0 0 0 0 0 0 0  </fenetre>
<fenetre> 0 0 0 0 0 0 0 0 0 38 262 305 196 90 51 73 9 0 0 0 0 0 0 0 0  </fenetre>
<fenetre> 0 0 0 0 0 0 0 0 0 44 146 296 329 157 46 6 0 0 0 0 0 0 0 0 0  </fenetre>
<fenetre> 0 0 0 0 0 0 0 0 0 0 155 348 355 166 0 0 0 0 0 0 0 0 0 0 0  </fenetre>
<fenetre> 0 0 0 0 0 0 0 4 6 13 36 409 491 41 11 6 6 1 0 0 0 0 0 0 0  </fenetre>
<fenetre> 0 0 0 0 0 0 0 8 25 78 212 221 161 127 139 45 8 0 0 0 0 0 0 0 0  </fenetre>
<fenetre> 0 0 0 0 0 0 0 0 0 10 67 306 565 52 24 0 0 0 0 0 0 0 0 0 0  </fenetre>
<fenetre> 0 0 0 0 0 0 0 0 0 0 0 374 649 1 0 0 0 0 0 0 0 0 0 0 0  </fenetre>
<fenetre> 0 0 0 0 0 0 0 0 0 0 17 471 506 8 14 8 0 0 0 0 0 0 0 0 0  </fenetre>
<fenetre> 0 0 0 0 0 0 0 0 2 89 279 209 160 104 134 47 0 0 0 0 0 0 0 0 0  </fenetre>
<fenetre> 0 0 0 0 0 0 0 0 7 61 231 296 145 106 129 45 4 0 0 0 0 0 0 0 0  </fenetre>
<fenetre> 0 0 0 0 0 0 0 0 0 70 353 155 124 128 153 41 0 0 0 0 0 0 0 0 0  </fenetre>
<fenetre> 0 0 0 0 0 0 0 0 7 56 120 310 338 111 76 6 0 0 0 0 0 0 0 0 0  </fenetre>
<fenetre> 0 0 0 0 0 0 0 0 7 69 143 288 287 144 70 16 0 0 0 0 0 0 0 0 0  </fenetre>
<fenetre> 0 0 0 0 0 0 0 0 0 9 106 384 404 106 15 0 0 0 0 0 0 0 0 0 0  </fenetre>
<fenetre> 0 0 0 0 0 0 0 0 0 3 58 451 437 70 5 0 0 0 0 0 0 0 0 0 0  </fenetre>
<fenetre> 0 0 0 0 0 0 0 0 5 136 293 124 99 139 182 38 8 0 0 0 0 0 0 0 0  </fenetre>
<fenetre> 0 0 0 0 0 0 0 0 0 10 106 377 406 101 24 0 0 0 0 0 0 0 0 0 0  </fenetre>
<fenetre> 0 0 0 0 0 0 0 0 0 2 31 504 411 53 12 11 0 0 0 0 0 0 0 0 0  </fenetre>
<fenetre> 0 0 0 0 0 0 0 0 1 36 245 265 243 134 74 26 0 0 0 0 0 0 0 0 0  </fenetre>
<fenetre> 0 0 0 0 0 0 0 0 0 3 66 394 493 61 7 0 0 0 0 0 0 0 0 0 0  </fenetre>
<fenetre> 0 0 0 0 0 0 0 0 0 66 187 288 282 108 47 36 10 0 0 0 0 0 0 0 0  </fenetre>
<fenetre> 0 0 0 0 0 0 0 0 0 13 227 364 214 101 68 37 0 0 0 0 0 0 0 0 0  </fenetre>
<fenetre> 0 0 0 0 0 0 0 0 0 31 211 163 419 193 7 0 0 0 0 0 0 0 0 0 0  </fenetre>
<fenetre> 0 0 0 0 0 0 0 0 0 58 153 238 329 244 2 0 0 0 0 0 0 0 0 0 0  </fenetre>
<fenetre> 0 0 0 0 0 0 0 0 0 9 142 350 360 147 16 0 0 0 0 0 0 0 0 0 0  </fenetre>
<fenetre> 0 0 0 0 0 0 0 0 0 9 130 367 359 147 12 0 0 0 0 0 0 0 0 0 0  </fenetre>
<fenetre> 0 0 0 0 0 0 2 19 51 93 96 236 262 107 65 71 22 0 0 0 0 0 0 0 0  </fenetre>
<fenetre> 0 0 0 0 0 0 0 0 3 35 100 342 396 104 42 2 0 0 0 0 0 0 0 0 0  </fenetre>
<fenetre> 0 0 0 0 0 0 0 0 0 0 1 450 571 2 0 0 0 0 0 0 0 0 0 0 0  </fenetre>
<fenetre> 0 0 0 0 0 0 0 0 0 0 2 467 553 2 0 0 0 0 0 0 0 0 0 0 0  </fenetre>
<fenetre> 0 0 0 0 0 0 0 0 0 0 0 451 573 0 0 0 0 0 0 0 0 0 0 0 0  </fenetre>
<fenetre> 0 0 0 0 0 0 0 0 0 0 0 357 667 0 0 0 0 0 0 0 0 0 0 0 0  </fenetre>
<fenetre> 0 0 0 0 0 0 0 0 0 0 13 327 669 15 0 0 0 0 0 0 0 0 0 0 0  </fenetre>
<fenetre> 0 0 0 0 0 0 0 0 0 3 79 404 443 92 3 0 0 0 0 0 0 0 0 0 0  </fenetre>
<fenetre> 0 0 0 0 0 0 0 0 6 24 44 410 462 38 18 8 9 5 0 0 0 0 0 0 0  </fenetre>
<fenetre> 0 0 0 0 0 0 0 0 8 32 147 384 302 61 51 36 3 0 0 0 0 0 0 0 0  </fenetre>
<fenetre> 0 0 0 0 0 0 0 0 0 1 46 395 480 102 0 0 0 0 0 0 0 0 0 0 0  </fenetre>
<fenetre> 0 0 0 0 0 0 0 0 0 3 143 362 383 129 4 0 0 0 0 0 0 0 0 0 0  </fenetre>
<fenetre> 0 0 0 0 0 0 0 18 79 67 60 335 195 92 145 33 0 0 0 0 0 0 0 0 0  </fenetre>
<fenetre> 0 0 0 0 0 0 0 0 53 135 159 165 133 137 201 36 5 0 0 0 0 0 0 0 0  </fenetre>
<fenetre> 0 0 0 0 0 0 0 0 0 6 229 341 222 109 106 11 0 0 0 0 0 0 0 0 0  </fenetre>
<fenetre> 0 0 0 0 0 0 0 0 0 11 260 283 174 231 65 0 0 0 0 0 0 0 0 0 0  </fenetre>
<fenetre> 0 0 0 0 0 0 0 0 0 0 45 387 545 47 0 0 0 0 0 0 0 0 0 0 0  </fenetre>
<fenetre> 0 0 0 0 0 0 0 0 0 1 47 409 505 62 0 0 0 0 0 0 0 0 0 0 0  </fenetre>
<fenetre> 0 0 0 0 0 0 0 0 2 17 109 399 389 63 20 20 5 0 0 0 0 0 0 0 0  </fenetre>
<fenetre> 0 0 0 0 0 0 0 0 1 45 285 255 159 107 123 46 3 0 0 0 0 0 0 0 0  </fenetre>
<fenetre> 0 0 0 0 0 0 0 0 0 221 198 127 118 139 144 77 0 0 0 0 0 0 0 0 0  </fenetre>
<fenetre> 0 0 0 0 0 0 0 0 0 3 152 352 353 157 7 0 0 0 0 0 0 0 0 0 0  </fenetre>
<fenetre> 0 0 0 0 0 0 0 2 8 72 288 186 139 156 144 29 0 0 0 0 0 0 0 0 0  </fenetre>
<fenetre> 0 0 0 0 0 0 0 0 0 0 53 379 516 73 3 0 0 0 0 0 0 0 0 0 0  </fenetre>
<fenetre> 0 0 0 0 0 0 0 0 0 0 0 231 793 0 0 0 0 0 0 0 0 0 0 0 0  </fenetre>
<fenetre> 0 0 0 0 0 0 0 0 0 0 0 62 962 0 0 0 0 0 0 0 0 0 0 0 0  </fenetre>
<fenetre> 0 0 0 0 0 0 0 0 0 15 86 274 538 67 33 11 0 0 0 0 0 0 0 0 0  </fenetre>
<fenetre> 0 0 0 0 0 0 0 0 0 0 76 371 507 53 17 0 0 0 0 0 0 0 0 0 0  </fenetre>
<fenetre> 0 0 0 0 0 0 0 0 0 2 56 373 527 66 0 0 0 0 0 0 0 0 0 0 0  </fenetre>
<fenetre> 0 0 0 0 0 0 1 17 30 34 33 313 421 117 54 4 0 0 0 0 0 0 0 0 0  </fenetre>
<fenetre> 0 0 0 0 0 0 0 0 20 101 157 130 317 246 53 0 0 0 0 0 0 0 0 0 0  </fenetre>
<fenetre> 0 0 0 0 0 0 0 0 0 16 45 348 558 43 14 0 0 0 0 0 0 0 0 0 0  </fenetre>
<fenetre> 0 0 0 0 0 0 0 0 24 71 67 324 338 109 76 15 0 0 0 0 0 0 0 0 0  </fenetre>
<fenetre> 0 0 0 0 0 0 0 0 28 102 124 208 278 208 72 4 0 0 0 0 0 0 0 0 0  </fenetre>
<fenetre> 0 0 0 0 0 0 0 0 0 3 91 394 436 90 10 0 0 0 0 0 0 0 0 0 0  </fenetre>
<fenetre> 0 0 0 0 0 0 0 0 0 0 3 386 628 7 0 0 0 0 0 0 0 0 0 0 0  </fenetre>
<fenetre> 0 0 0 0 0 0 0 0 0 0 0 98 926 0 0 0 0 0 0 0 0 0 0 0 0  </fenetre>
<fenetre> 0 0 0 0 0 0 0 0 0 0 0 330 694 0 0 0 0 0 0 0 0 0 0 0 0  </fenetre>
<fenetre> 0 0 0 0 0 0 0 0 0 2 17 447 534 22 2 0 0 0 0 0 0 0 0 0 0  </fenetre>
<fenetre> 0 0 0 0 0 0 0 0 0 0 3 470 546 5 0 0 0 0 0 0 0 0 0 0 0  </fenetre>
<fenetre> 0 0 0 0 0 0 0 0 0 0 0 380 644 0 0 0 0 0 0 0 0 0 0 0 0  </fenetre>
<fenetre> 0 0 0 0 0 0 0 0 0 0 0 225 799 0 0 0 0 0 0 0 0 0 0 0 0  </fenetre>
<fenetre> 0 0 0 0 0 0 0 0 0 0 62 446 452 61 3 0 0 0 0 0 0 0 0 0 0  </fenetre>
<fenetre> 0 0 0 0 0 0 1 14 53 74 130 228 236 137 86 46 19 0 0 0 0 0 0 0 0  </fenetre>
<fenetre> 0 0 0 0 0 0 0 0 0 0 138 327 430 129 0 0 0 0 0 0 0 0 0 0 0  </fenetre>
<fenetre> 0 0 0 0 0 0 0 0 21 109 209 194 189 168 66 49 18 1 0 0 0 0 0 0 0  </fenetre>
<fenetre> 0 0 0 0 0 0 0 0 0 66 293 188 181 131 139 26 0 0 0 0 0 0 0 0 0  </fenetre>
<fenetre> 0 0 0 0 0 0 0 0 2 54 235 263 156 233 64 15 2 0 0 0 0 0 0 0 0  </fenetre>
<fenetre> 0 0 0 0 0 0 0 0 2 62 153 312 279 134 68 14 0 0 0 0 0 0 0 0 0  </fenetre>
<fenetre> 0 0 0 0 0 0 0 0 2 47 85 411 331 70 56 17 5 0 0 0 0 0 0 0 0  </fenetre>
<fenetre> 0 0 0 0 0 0 0 0 0 13 92 386 412 69 49 3 0 0 0 0 0 0 0 0 0  </fenetre>
<fenetre> 0 0 0 0 0 0 0 0 0 0 4 296 721 3 0 0 0 0 0 0 0 0 0 0 0  </fenetre>
<fenetre> 0 0 0 0 0 0 0 0 0 69 138 294 328 107 88 0 0 0 0 0 0 0 0 0 0  </fenetre>
<fenetre> 0 0 0 0 0 0 0 0 9 161 167 222 135 115 146 69 0 0 0 0 0 0 0 0 0  </fenetre>
<fenetre> 0 0 0 0 0 0 0 0 0 31 196 284 248 224 40 1 0 0 0 0 0 0 0 0 0  </fenetre>
<fenetre> 0 0 0 0 0 0 0 0 14 67 158 290 268 121 66 31 9 0 0 0 0 0 0 0 0  </fenetre>
<fenetre> 0 0 0 0 0 0 0 0 0 32 216 274 269 122 102 9 0 0 0 0 0 0 0 0 0  </fenetre>
<fenetre> 0 0 0 0 0 0 0 0 0 225 205 130 116 104 129 115 0 0 0 0 0 0 0 0 0  </fenetre>
<fenetre> 0 0 0 0 0 0 0 0 0 98 109 280 325 125 79 8 0 0 0 0 0 0 0 0 0  </fenetre>
<fenetre> 0 0 0 0 0 0 0 0 0 0 2 425 592 5 0 0 0 0 0 0 0 0 0 0 0  </fenetre>
<fenetre> 0 0 0 0 0 0 0 0 4 70 116 326 346 73 49 30 10 0 0 0 0 0 0 0 0  </fenetre>
<fenetre> 0 0 0 0 0 0 0 0 0 19 189 310 308 131 53 13 1 0 0 0 0 0 0 0 0  </fenetre>
<fenetre> 0 0 0 0 0 0 0 0 0 0 8 450 549 17 0 0 0 0 0 0 0 0 0 0 0  </fenetre>
<fenetre> 0 0 0 0 0 0 0 0 24 65 88 251 431 67 57 37 4 0 0 0 0 0 0 0 0  </fenetre>
<fenetre> 0 0 0 0 0 0 0 0 4 61 223 221 244 208 59 4 0 0 0 0 0 0 0 0 0  </fenetre>
<fenetre> 0 0 0 0 0 0 0 0 0 71 207 193 210 326 17 0 0 0 0 0 0 0 0 0 0  </fenetre>
<fenetre> 0 0 0 0 0 0 0 0 0 9 120 369 384 130 12 0 0 0 0 0 0 0 0 0 0  </fenetre>
<fenetre> 0 0 0 0 0 0 0 0 12 31 64 375 426 56 45 15 0 0 0 0 0 0 0 0 0  </fenetre>
<fenetre> 0 0 0 0 0 0 0 0 14 76 128 289 298 130 69 19 1 0 0 0 0 0 0 0 0  </fenetre>
<fenetre> 0 0 0 0 0 0 0 0 0 0 6 393 595 18 7 5 0 0 0 0 0 0 0 0 0  </fenetre>
<fenetre> 0 0 0 0 0 0 0 0 12 105 152 290 215 106 88 56 0 0 0 0 0 0 0 0 0  </fenetre>
<fenetre> 0 0 0 0 0 0 0 0 16 122 110 212 285 181 88 10 0 0 0 0 0 0 0 0 0  </fenetre>
<fenetre> 0 0 0 0 0 0 0 0 0 1 11 315 679 18 0 0 0 0 0 0 0 0 0 0 0  </fenetre>
<fenetre> 0 0 0 0 0 0 0 0 3 45 155 315 352 57 43 41 13 0 0 0 0 0 0 0 0  </fenetre>
<fenetre> 0 0 0 0 0 0 0 0 0 15 154 405 239 130 81 0 0 0 0 0 0 0 0 0 0  </fenetre>
<fenetre> 0 0 0 0 0 0 0 0 0 12 41 415 515 40 1 0 0 0 0 0 0 0 0 0 0  </fenetre>
<fenetre> 0 0 0 0 0 0 0 0 30 52 93 254 378 190 27 0 0 0 0 0 0 0 0 0 0  </fenetre>
<fenetre> 0 0 0 0 0 0 0 0 0 8 104 399 388 113 12 0 0 0 0 0 0 0 0 0 0  </fenetre>
<fenetre> 0 0 0 0 0 0 0 0 66 55 68 271 394 49 45 65 11 0 0 0 0 0 0 0 0  </fenetre>
<fenetre> 0 0 0 0 0 0 0 0 47 124 184 211 115 109 121 111 2 0 0 0 0 0 0 0 0  </fenetre>
<fenetre> 0 0 0 0 0 0 0 0 0 6 188 384 222 134 72 18 0 0 0 0 0 0 0 0 0  </fenetre>
<fenetre> 0 0 0 0 0 0 0 0 0 19 120 347 398 139 1 0 0 0 0 0 0 0 0 0 0  </fenetre>
<fenetre> 0 0 0 0 0 0 0 0 15 70 67 279 385 188 20 0 0 0 0 0 0 0 0 0 0  </fenetre>
<fenetre> 0 0 0 0 0 0 0 0 26 55 177 214 291 182 65 14 0 0 0 0 0 0 0 0 0  </fenetre>
<fenetre> 0 0 0 0 0 0 0 0 0 4 47 380 533 48 12 0 0 0 0 0 0 0 0 0 0  </fenetre>
<fenetre> 0 0 0 0 0 0 0 0 0 0 0 257 767 0 0 0 0 0 0 0 0 0 0 0 0  </fenetre>
<fenetre> 0 0 0 0 0 0 0 3 37 63 94 283 339 100 53 39 13 0 0 0 0 0 0 0 0  </fenetre>
<fenetre> 0 0 0 0 0 0 0 0 0 0 138 346 433 107 0 0 0 0 0 0 0 0 0 0 0  </fenetre>
<fenetre> 0 0 0 0 0 0 0 2 17 40 184 270 228 205 50 25 3 0 0 0 0 0 0 0 0  </fenetre>
<fenetre> 0 0 0 0 0 0 0 3 20 91 170 184 244 212 87 13 0 0 0 0 0 0 0 0 0  </fenetre>
<fenetre> 0 0 0 0 0 0 0 2 23 74 181 243 235 149 91 19 7 0 0 0 0 0 0 0 0  </fenetre>
<fenetre> 0 0 0 0 0 0 0 0 2 54 155 258 356 142 56 1 0 0 0 0 0 0 0 0 0  </fenetre>
<fenetre> 0 0 0 0 0 0 0 0 0 9 229 197 357 230 2 0 0 0 0 0 0 0 0 0 0  </fenetre>
<fenetre> 0 0 0 0 0 0 0 11 64 150 150 113 128 203 149 56 0 0 0 0 0 0 0 0 0  </fenetre>
<fenetre> 0 0 0 0 0 0 0 8 76 161 144 108 123 138 174 92 0 0 0 0 0 0 0 0 0  </fenetre>
<fenetre> 0 0 0 0 0 0 0 0 9 93 102 285 328 114 87 6 0 0 0 0 0 0 0 0 0  </fenetre>
<fenetre> 0 0 0 0 0 0 1 5 11 25 27 393 478 33 20 25 6 0 0 0 0 0 0 0 0  </fenetre>
<fenetre> 0 0 0 0 0 0 0 1 8 54 154 269 343 153 36 6 0 0 0 0 0 0 0 0 0  </fenetre>
<fenetre> 0 0 0 0 0 0 0 0 0 2 98 401 423 87 3 3 7 0 0 0 0 0 0 0 0  </fenetre>
<fenetre> 0 0 0 0 0 0 0 0 7 54 187 268 292 110 78 23 5 0 0 0 0 0 0 0 0  </fenetre>
<fenetre> 0 0 0 0 0 0 0 0 0 3 90 442 350 120 19 0 0 0 0 0 0 0 0 0 0  </fenetre>
<fenetre> 0 0 0 0 0 0 0 0 0 1 83 392 450 97 1 0 0 0 0 0 0 0 0 0 0  </fenetre>
<fenetre> 0 0 0 0 0 0 0 0 0 0 7 296 713 8 0 0 0 0 0 0 0 0 0 0 0  </fenetre>
<fenetre> 0 0 0 0 0 0 0 0 0 1 72 414 450 84 3 0 0 0 0 0 0 0 0 0 0  </fenetre>
<fenetre> 0 0 0 0 0 0 0 1 35 51 144 339 243 78 75 52 6 0 0 0 0 0 0 0 0  </fenetre>
<fenetre> 0 0 0 0 0 0 0 0 0 8 203 374 226 98 87 28 0 0 0 0 0 0 0 0 0  </fenetre>
<fenetre> 0 0 0 0 0 0 0 0 0 5 212 371 222 105 88 21 0 0 0 0 0 0 0 0 0  </fenetre>
<fenetre> 0 0 0 0 0 0 0 0 1 110 118 245 304 173 68 5 0 0 0 0 0 0 0 0 0  </fenetre>
<fenetre> 0 0 0 0 0 0 0 0 9 59 177 216 263 286 14 0 0 0 0 0 0 0 0 0 0  </fenetre>
<fenetre> 0 0 0 0 0 0 0 0 35 136 132 115 249 257 99 1 0 0 0 0 0 0 0 0 0  </fenetre>
<fenetre> 0 0 0 0 0 0 0 0 136 120 87 90 117 300 174 0 0 0 0 0 0 0 0 0 0  </fenetre>
<fenetre> 0 0 0 0 0 0 0 0 105 131 92 92 145 296 163 0 0 0 0 0 0 0 0 0 0  </fenetre>
<fenetre> 0 0 0 0 0 0 0 1 102 102 85 74 246 329 81 4 0 0 0 0 0 0 0 0 0  </fenetre>
<fenetre> 0 0 0 0 0 0 0 0 106 126 97 100 189 229 169 8 0 0 0 0 0 0 0 0 0  </fenetre>
<fenetre> 0 0 0 0 0 0 0 0 0 109 225 117 276 219 72 6 0 0 0 0 0 0 0 0 0  </fenetre>
<fenetre> 0 0 0 0 0 0 0 0 0 19 75 317 525 51 36 1 0 0 0 0 0 0 0 0 0  </fenetre>
<fenetre> 0 0 0 0 0 0 0 12 26 29 47 391 362 97 43 17 0 0 0 0 0 0 0 0 0  </fenetre>
<fenetre> 0 0 0 0 0 0 0 0 6 47 201 209 267 267 27 0 0 0 0 0 0 0 0 0 0  </fenetre>
<fenetre> 0 0 0 0 0 0 0 0 0 32 247 282 200 214 48 1 0 0 0 0 0 0 0 0 0  </fenetre>
<fenetre> 0 0 0 0 0 0 0 0 48 136 136 209 167 134 105 75 14 0 0 0 0 0 0 0 0  </fenetre>
<fenetre> 0 0 0 0 0 0 0 0 4 69 151 284 261 172 63 20 0 0 0 0 0 0 0 0 0  </fenetre>
<fenetre> 0 0 0 0 0 0 0 0 0 46 267 213 224 158 113 3 0 0 0 0 0 0 0 0 0  </fenetre>
<fenetre> 0 0 0 0 0 0 0 0 0 58 245 239 249 98 92 43 0 0 0 0 0 0 0 0 0  </fenetre>
<fenetre> 0 0 0 0 0 0 0 0 0 31 99 324 441 121 8 0 0 0 0 0 0 0 0 0 0  </fenetre>
<fenetre> 0 0 0 0 0 0 0 7 69 80 89 182 285 197 109 6 0 0 0 0 0 0 0 0 0  </fenetre>
<fenetre> 0 0 0 0 0 0 0 0 9 135 126 186 294 168 95 11 0 0 0 0 0 0 0 0 0  </fenetre>
<fenetre> 0 0 0 0 0 0 0 0 14 47 130 243 464 76 34 16 0 0 0 0 0 0 0 0 0  </fenetre>
<fenetre> 0 0 0 0 0 0 0 0 45 102 148 217 204 141 123 44 0 0 0 0 0 0 0 0 0  </fenetre>
<fenetre> 0 0 0 0 0 0 0 0 0 25 277 310 120 125 126 41 0 0 0 0 0 0 0 0 0  </fenetre>
<fenetre> 0 0 0 0 0 0 0 0 0 0 0 385 631 8 0 0 0 0 0 0 0 0 0 0 0  </fenetre>
<fenetre> 0 0 0 0 0 0 0 0 0 0 0 408 616 0 0 0 0 0 0 0 0 0 0 0 0  </fenetre>
<fenetre> 0 0 0 0 0 0 0 0 0 0 0 442 582 0 0 0 0 0 0 0 0 0 0 0 0  </fenetre>
<fenetre> 0 0 0 0 0 0 0 0 0 0 1 448 575 0 0 0 0 0 0 0 0 0 0 0 0  </fenetre>
<fenetre> 0 0 0 0 0 0 0 0 0 0 0 345 679 0 0 0 0 0 0 0 0 0 0 0 0  </fenetre>
<fenetre> 0 0 0 0 0 0 0 0 0 0 0 181 843 0 0 0 0 0 0 0 0 0 0 0 0  </fenetre>
<fenetre> 0 0 0 0 0 0 0 0 9 45 123 310 349 137 34 15 2 0 0 0 0 0 0 0 0  </fenetre>
<fenetre> 0 0 0 0 0 0 0 0 0 0 223 297 274 230 0 0 0 0 0 0 0 0 0 0 0  </fenetre>
<fenetre> 0 0 0 0 0 0 0 3 16 51 211 282 192 118 92 48 11 0 0 0 0 0 0 0 0  </fenetre>
<fenetre> 0 0 0 0 0 0 0 0 0 0 105 384 427 96 12 0 0 0 0 0 0 0 0 0 0  </fenetre>
<fenetre> 0 0 0 0 0 0 0 0 0 0 11 389 618 6 0 0 0 0 0 0 0 0 0 0 0  </fenetre>
<fenetre> 0 0 0 0 0 0 0 0 11 15 40 410 482 42 17 7 0 0 0 0 0 0 0 0 0  </fenetre>
<fenetre> 0 0 0 0 0 0 0 0 10 40 180 375 193 100 78 43 5 0 0 0 0 0 0 0 0  </fenetre>
<fenetre> 0 0 0 0 0 0 0 0 0 0 52 403 521 45 3 0 0 0 0 0 0 0 0 0 0  </fenetre>
<fenetre> 0 0 0 0 0 0 0 0 4 77 141 183 409 168 42 0 0 0 0 0 0 0 0 0 0  </fenetre>
<fenetre> 0 0 0 0 0 0 0 0 0 1 87 377 495 61 3 0 0 0 0 0 0 0 0 0 0  </fenetre>
<fenetre> 0 0 0 0 0 0 0 0 78 128 115 141 203 188 133 38 0 0 0 0 0 0 0 0 0  </fenetre>
<fenetre> 0 0 0 0 0 0 0 0 25 126 129 180 227 204 126 7 0 0 0 0 0 0 0 0 0  </fenetre>
<fenetre> 0 0 0 0 0 0 0 0 26 82 177 193 270 187 88 1 0 0 0 0 0 0 0 0 0  </fenetre>
<fenetre> 0 0 0 0 0 0 0 0 41 105 124 214 208 223 104 5 0 0 0 0 0 0 0 0 0  </fenetre>
<fenetre> 0 0 0 0 0 0 0 0 0 59 83 289 428 130 35 0 0 0 0 0 0 0 0 0 0  </fenetre>
<fenetre> 0 0 0 0 0 0 0 0 0 0 5 446 568 5 0 0 0 0 0 0 0 0 0 0 0  </fenetre>
<fenetre> 0 0 0 0 0 0 0 1 126 115 88 130 219 98 133 113 1 0 0 0 0 0 0 0 0  </fenetre>
<fenetre> 0 0 0 0 0 0 0 0 43 201 172 114 101 127 173 88 5 0 0 0 0 0 0 0 0  </fenetre>
<fenetre> 0 0 0 0 0 0 0 0 13 135 144 168 177 293 82 12 0 0 0 0 0 0 0 0 0  </fenetre>
<fenetre> 0 0 0 0 0 0 0 0 0 109 159 166 256 334 0 0 0 0 0 0 0 0 0 0 0  </fenetre>
<fenetre> 0 0 0 0 0 0 0 0 0 4 65 421 455 73 6 0 0 0 0 0 0 0 0 0 0  </fenetre>
<fenetre> 0 0 0 0 0 0 0 0 0 4 42 322 602 52 2 0 0 0 0 0 0 0 0 0 0  </fenetre>
<fenetre> 0 0 0 0 0 0 0 0 0 0 21 445 542 16 0 0 0 0 0 0 0 0 0 0 0  </fenetre>
<fenetre> 0 0 0 0 0 0 0 0 2 46 185 322 279 87 51 35 17 0 0 0 0 0 0 0 0  </fenetre>
<fenetre> 0 0 0 0 0 0 0 0 0 4 157 343 361 127 32 0 0 0 0 0 0 0 0 0 0  </fenetre>
<fenetre> 0 0 0 0 0 0 0 0 0 0 44 424 536 20 0 0 0 0 0 0 0 0 0 0 0  </fenetre>
<fenetre> 0 0 0 0 0 0 0 0 0 0 0 490 513 21 0 0 0 0 0 0 0 0 0 0 0  </fenetre>
<fenetre> 0 0 0 0 0 0 0 0 29 112 235 170 129 163 118 68 0 0 0 0 0 0 0 0 0  </fenetre>
<fenetre> 0 0 0 0 0 0 0 0 16 114 286 126 117 174 135 56 0 0 0 0 0 0 0 0 0  </fenetre>
<fenetre> 0 0 0 0 0 0 0 0 0 0 5 481 533 5 0 0 0 0 0 0 0 0 0 0 0  </fenetre>
<fenetre> 0 0 0 0 0 0 0 0 0 2 111 401 386 117 7 0 0 0 0 0 0 0 0 0 0  </fenetre>
<fenetre> 0 0 0 0 0 0 0 0 0 1 71 403 450 97 2 0 0 0 0 0 0 0 0 0 0  </fenetre>
<fenetre> 0 0 0 0 0 0 0 1 55 121 116 221 230 95 105 71 9 0 0 0 0 0 0 0 0  </fenetre>
<fenetre> 0 0 0 0 0 0 0 0 0 53 261 183 189 238 100 0 0 0 0 0 0 0 0 0 0  </fenetre>
<fenetre> 0 0 0 0 0 0 0 0 7 108 245 213 131 153 116 34 17 0 0 0 0 0 0 0 0  </fenetre>
<fenetre> 0 0 0 0 0 0 0 0 2 152 150 214 112 312 82 0 0 0 0 0 0 0 0 0 0  </fenetre>
<fenetre> 0 0 0 0 0 0 0 0 39 114 196 167 115 194 173 26 0 0 0 0 0 0 0 0 0  </fenetre>
<fenetre> 0 0 0 0 0 0 0 0 38 185 136 138 158 148 184 37 0 0 0 0 0 0 0 0 0  </fenetre>
<fenetre> 0 0 0 0 0 0 0 0 10 78 91 267 418 119 40 1 0 0 0 0 0 0 0 0 0  </fenetre>
<fenetre> 0 0 0 0 0 0 0 0 0 0 0 236 788 0 0 0 0 0 0 0 0 0 0 0 0  </fenetre>
<fenetre> 0 0 0 0 0 0 0 0 28 101 119 238 292 121 89 36 0 0 0 0 0 0 0 0 0  </fenetre>
<fenetre> 0 0 0 0 0 0 0 0 9 116 147 214 243 156 130 9 0 0 0 0 0 0 0 0 0  </fenetre>
<fenetre> 0 0 0 0 0 0 0 0 4 167 118 115 303 292 25 0 0 0 0 0 0 0 0 0 0  </fenetre>
<fenetre> 0 0 0 0 0 0 0 1 55 99 118 114 257 348 32 0 0 0 0 0 0 0 0 0 0  </fenetre>
<fenetre> 0 0 0 0 0 0 0 0 3 36 124 291 392 154 24 0 0 0 0 0 0 0 0 0 0  </fenetre>
<fenetre> 0 0 0 0 0 0 0 2 69 107 96 179 243 198 110 20 0 0 0 0 0 0 0 0 0  </fenetre>
<fenetre> 0 0 0 0 0 0 0 1 24 99 172 239 173 182 122 12 0 0 0 0 0 0 0 0 0  </fenetre>
<fenetre> 0 0 0 0 0 0 0 0 7 59 254 197 164 245 95 3 0 0 0 0 0 0 0 0 0  </fenetre>
<fenetre> 0 0 0 0 0 0 0 0 0 1 171 327 345 177 2 0 1 0 0 0 0 0 0 0 0  </fenetre>
<fenetre> 0 0 0 0 0 0 0 11 61 123 102 208 203 137 112 56 11 0 0 0 0 0 0 0 0  </fenetre>
<fenetre> 0 0 0 0 0 0 0 0 43 164 149 149 138 166 151 63 1 0 0 0 0 0 0 0 0  </fenetre>
<fenetre> 0 0 0 0 0 0 0 0 2 250 147 133 107 144 187 54 0 0 0 0 0 0 0 0 0  </fenetre>
<fenetre> 0 0 0 0 0 0 0 0 2 111 281 185 90 117 180 58 0 0 0 0 0 0 0 0 0  </fenetre>
<fenetre> 0 0 0 0 0 0 0 0 0 16 283 304 142 114 127 38 0 0 0 0 0 0 0 0 0  </fenetre>
<fenetre> 0 0 0 0 0 0 0 0 0 26 169 358 273 121 75 2 0 0 0 0 0 0 0 0 0  </fenetre>
<fenetre> 0 0 0 0 0 0 0 0 1 76 120 233 391 200 3 0 0 0 0 0 0 0 0 0 0  </fenetre>
<fenetre> 0 0 0 0 0 0 0 0 0 16 164 289 410 130 13 2 0 0 0 0 0 0 0 0 0  </fenetre>
<fenetre> 0 0 0 0 0 0 0 0 0 31 220 245 307 144 55 20 2 0 0 0 0 0 0 0 0  </fenetre>
<fenetre> 0 0 0 0 0 0 0 0 0 0 57 416 492 59 0 0 0 0 0 0 0 0 0 0 0  </fenetre>
<fenetre> 0 0 0 0 0 0 0 0 0 0 32 490 459 43 0 0 0 0 0 0 0 0 0 0 0  </fenetre>
<fenetre> 0 0 0 0 0 0 0 0 0 0 1 153 863 6 1 0 0 0 0 0 0 0 0 0 0  </fenetre>
<fenetre> 0 0 0 0 0 0 0 0 18 26 217 313 212 108 77 49 4 0 0 0 0 0 0 0 0  </fenetre>
<fenetre> 0 0 0 0 0 0 0 0 0 8 260 315 223 120 77 21 0 0 0 0 0 0 0 0 0  </fenetre>
<fenetre> 0 0 0 0 0 0 0 0 1 55 99 347 293 173 56 0 0 0 0 0 0 0 0 0 0  </fenetre>
<fenetre> 0 0 0 0 0 0 0 0 0 0 7 400 605 12 0 0 0 0 0 0 0 0 0 0 0  </fenetre>
<fenetre> 0 0 0 0 0 0 0 0 0 0 0 339 685 0 0 0 0 0 0 0 0 0 0 0 0  </fenetre>
<fenetre> 0 0 0 0 0 0 0 0 0 0 0 443 581 0 0 0 0 0 0 0 0 0 0 0 0  </fenetre>
<fenetre> 0 0 0 0 0 0 0 0 0 0 0 435 589 0 0 0 0 0 0 0 0 0 0 0 0  </fenetre>
<fenetre> 0 0 0 0 0 0 0 0 0 0 0 420 604 0 0 0 0 0 0 0 0 0 0 0 0  </fenetre>
<fenetre> 0 0 0 0 0 0 0 0 0 0 0 341 683 0 0 0 0 0 0 0 0 0 0 0 0  </fenetre>
<fenetre> 0 0 0 0 0 0 0 0 0 0 0 128 896 0 0 0 0 0 0 0 0 0 0 0 0  </fenetre>
<fenetre> 0 0 0 0 0 0 0 0 7 38 75 308 427 146 23 0 0 0 0 0 0 0 0 0 0  </fenetre>
<fenetre> 0 0 0 0 0 0 0 0 113 113 93 92 173 313 125 2 0 0 0 0 0 0 0 0 0  </fenetre>
<fenetre> 0 0 0 0 0 0 0 0 9 40 53 285 502 134 1 0 0 0 0 0 0 0 0 0 0  </fenetre>
<fenetre> 0 0 0 0 0 0 0 2 11 19 20 319 575 51 16 11 0 0 0 0 0 0 0 0 0  </fenetre>
<fenetre> 0 0 0 0 0 0 0 8 47 67 69 241 365 157 61 9 0 0 0 0 0 0 0 0 0  </fenetre>
<fenetre> 0 0 0 0 0 0 0 0 0 1 10 339 659 14 1 0 0 0 0 0 0 0 0 0 0  </fenetre>
<fenetre> 0 0 0 0 0 0 0 2 61 71 70 226 327 196 66 5 0 0 0 0 0 0 0 0 0  </fenetre>
<fenetre> 0 0 0 0 0 0 0 1 18 64 171 168 326 222 46 8 0 0 0 0 0 0 0 0 0  </fenetre>
<fenetre> 0 0 0 0 0 0 0 0 0 31 241 188 315 186 59 4 0 0 0 0 0 0 0 0 0  </fenetre>
<fenetre> 0 0 0 0 0 0 0 0 7 66 186 245 276 173 47 24 0 0 0 0 0 0 0 0 0  </fenetre>
<fenetre> 0 0 0 0 0 0 0 0 29 121 150 167 198 271 82 6 0 0 0 0 0 0 0 0 0  </fenetre>
<fenetre> 0 0 0 0 0 0 0 0 0 0 10 418 589 7 0 0 0 0 0 0 0 0 0 0 0  </fenetre>
<fenetre> 0 0 0 0 0 0 0 0 0 167 120 269 242 62 54 75 35 0 0 0 0 0 0 0 0  </fenetre>
<fenetre> 0 0 0 0 0 0 0 0 0 71 195 237 243 192 71 15 0 0 0 0 0 0 0 0 0  </fenetre>
<fenetre> 0 0 0 0 0 0 0 0 0 0 21 463 508 31 1 0 0 0 0 0 0 0 0 0 0  </fenetre>
<fenetre> 0 0 0 0 0 0 0 0 35 67 78 250 387 136 58 13 0 0 0 0 0 0 0 0 0  </fenetre>
<fenetre> 0 0 0 0 0 0 0 0 142 115 90 90 110 225 241 11 0 0 0 0 0 0 0 0 0  </fenetre>
<fenetre> 0 0 0 0 0 0 0 0 33 135 214 175 112 134 159 59 3 0 0 0 0 0 0 0 0  </fenetre>
<fenetre> 0 0 0 0 0 0 0 0 8 67 158 257 229 276 29 0 0 0 0 0 0 0 0 0 0  </fenetre>
<fenetre> 0 0 0 0 0 0 0 0 0 7 100 369 415 126 7 0 0 0 0 0 0 0 0 0 0  </fenetre>
<fenetre> 0 0 0 0 0 0 0 0 20 57 101 310 339 113 66 18 0 0 0 0 0 0 0 0 0  </fenetre>
<fenetre> 0 0 0 0 0 0 0 0 39 98 138 234 215 165 105 30 0 0 0 0 0 0 0 0 0  </fenetre>
<fenetre> 0 0 0 0 0 0 0 0 0 6 96 395 409 113 5 0 0 0 0 0 0 0 0 0 0  </fenetre>
<fenetre> 0 0 0 0 0 0 0 0 18 120 105 295 259 71 91 64 1 0 0 0 0 0 0 0 0  </fenetre>
<fenetre> 0 0 0 0 0 0 0 0 2 88 129 265 308 158 64 10 0 0 0 0 0 0 0 0 0  </fenetre>
<fenetre> 0 0 0 0 0 0 0 3 12 31 131 305 324 163 46 9 0 0 0 0 0 0 0 0 0  </fenetre>
<fenetre> 0 0 0 0 0 0 0 0 2 43 113 385 301 115 43 22 0 0 0 0 0 0 0 0 0  </fenetre>
<fenetre> 0 0 0 0 0 0 0 0 1 145 253 182 78 131 215 19 0 0 0 0 0 0 0 0 0  </fenetre>
<fenetre> 0 0 0 0 0 0 0 0 7 78 149 361 167 121 109 32 0 0 0 0 0 0 0 0 0  </fenetre>
<fenetre> 0 0 0 0 0 0 0 0 6 93 153 300 204 143 102 23 0 0 0 0 0 0 0 0 0  </fenetre>
<fenetre> 0 0 0 0 0 0 0 0 0 17 19 312 621 52 3 0 0 0 0 0 0 0 0 0 0  </fenetre>
<fenetre> 0 0 0 0 0 0 0 0 18 22 24 291 580 67 22 0 0 0 0 0 0 0 0 0 0  </fenetre>
<fenetre> 0 0 0 0 0 0 0 0 59 81 103 196 291 191 102 1 0 0 0 0 0 0 0 0 0  </fenetre>
<fenetre> 0 0 0 0 0 0 0 0 20 48 136 293 347 101 41 31 7 0 0 0 0 0 0 0 0  </fenetre>
<fenetre> 0 0 0 0 0 0 0 0 0 0 4 404 615 1 0 0 0 0 0 0 0 0 0 0 0  </fenetre>
<fenetre> 0 0 0 0 0 0 0 0 10 76 115 268 331 144 76 4 0 0 0 0 0 0 0 0 0  </fenetre>
<fenetre> 0 0 0 0 0 0 0 0 0 0 11 515 456 41 1 0 0 0 0 0 0 0 0 0 0  </fenetre>
<fenetre> 0 0 0 0 0 0 0 0 0 0 4 414 605 1 0 0 0 0 0 0 0 0 0 0 0  </fenetre>
<fenetre> 0 0 0 0 0 0 0 0 0 0 1 233 788 2 0 0 0 0 0 0 0 0 0 0 0  </fenetre>
<fenetre> 0 0 0 0 0 0 0 0 10 121 164 248 199 98 151 33 0 0 0 0 0 0 0 0 0  </fenetre>
<fenetre> 0 0 0 0 0 0 0 0 28 167 219 118 107 134 239 12 0 0 0 0 0 0 0 0 0  </fenetre>
<fenetre> 0 0 0 0 0 0 0 0 0 77 284 153 196 159 117 38 0 0 0 0 0 0 0 0 0  </fenetre>
<fenetre> 0 0 0 0 0 0 0 0 0 21 113 324 413 139 14 0 0 0 0 0 0 0 0 0 0  </fenetre>
<fenetre> 0 0 0 0 0 0 0 0 79 109 85 135 279 239 95 3 0 0 0 0 0 0 0 0 0  </fenetre>
<fenetre> 0 0 0 0 0 0 0 0 0 25 107 336 428 126 2 0 0 0 0 0 0 0 0 0 0  </fenetre>
<fenetre> 0 0 0 0 0 0 0 0 24 89 183 262 217 75 83 77 14 0 0 0 0 0 0 0 0  </fenetre>
<fenetre> 0 0 0 0 0 0 0 0 0 57 362 176 104 100 138 87 0 0 0 0 0 0 0 0 0  </fenetre>
<fenetre> 0 0 0 0 0 0 0 0 10 87 117 283 310 136 79 2 0 0 0 0 0 0 0 0 0  </fenetre>
<fenetre> 0 0 0 0 0 0 0 0 48 71 73 252 324 184 72 0 0 0 0 0 0 0 0 0 0  </fenetre>
<fenetre> 0 0 0 0 0 0 0 0 43 113 127 151 229 277 84 0 0 0 0 0 0 0 0 0 0  </fenetre>
<fenetre> 0 0 0 0 0 0 0 2 153 122 90 84 100 229 224 15 5 0 0 0 0 0 0 0 0  </fenetre>
<fenetre> 0 0 0 0 0 0 0 0 5 76 242 202 179 154 146 20 0 0 0 0 0 0 0 0 0  </fenetre>
<fenetre> 0 0 0 0 0 0 0 0 0 0 39 450 496 39 0 0 0 0 0 0 0 0 0 0 0  </fenetre>
<fenetre> 0 0 0 0 0 0 0 0 8 50 184 293 260 114 96 19 0 0 0 0 0 0 0 0 0  </fenetre>
<fenetre> 0 0 0 0 0 0 0 0 0 9 195 312 293 168 46 1 0 0 0 0 0 0 0 0 0  </fenetre>
<fenetre> 0 0 0 0 0 0 0 0 0 5 67 432 437 81 2 0 0 0 0 0 0 0 0 0 0  </fenetre>
<fenetre> 0 0 0 0 0 0 0 0 0 0 0 296 727 1 0 0 0 0 0 0 0 0 0 0 0  </fenetre>
<fenetre> 0 0 0 0 0 0 0 0 0 94 139 316 293 52 54 76 0 0 0 0 0 0 0 0 0  </fenetre>
<fenetre> 0 0 0 0 0 0 0 0 46 120 113 188 232 153 167 5 0 0 0 0 0 0 0 0 0  </fenetre>
<fenetre> 0 0 0 0 0 0 0 0 3 20 112 324 435 124 6 0 0 0 0 0 0 0 0 0 0  </fenetre>
<fenetre> 0 0 0 0 0 0 0 0 0 17 145 325 362 155 20 0 0 0 0 0 0 0 0 0 0  </fenetre>
<fenetre> 0 0 0 0 0 0 0 0 0 21 102 367 408 100 19 7 0 0 0 0 0 0 0 0 0  </fenetre>
<fenetre> 0 0 0 0 0 0 0 0 11 188 144 108 166 312 50 40 5 0 0 0 0 0 0 0 0  </fenetre>
<fenetre> 0 0 0 0 0 0 0 0 52 147 103 122 159 388 53 0 0 0 0 0 0 0 0 0 0  </fenetre>
<fenetre> 0 0 0 0 0 0 0 0 0 0 17 378 617 12 0 0 0 0 0 0 0 0 0 0 0  </fenetre>
<fenetre> 0 0 0 0 0 0 0 0 8 46 42 390 435 74 27 2 0 0 0 0 0 0 0 0 0  </fenetre>
<fenetre> 0 0 0 0 0 0 0 0 54 109 87 205 197 250 119 3 0 0 0 0 0 0 0 0 0  </fenetre>
<fenetre> 0 0 0 0 0 0 0 0 92 91 80 181 183 322 75 0 0 0 0 0 0 0 0 0 0  </fenetre>
<fenetre> 0 0 0 0 0 0 0 0 13 55 73 245 491 124 23 0 0 0 0 0 0 0 0 0 0  </fenetre>
<fenetre> 0 0 0 0 0 0 0 0 0 0 0 379 645 0 0 0 0 0 0 0 0 0 0 0 0  </fenetre>
<fenetre> 0 0 0 0 0 0 0 0 0 0 0 471 553 0 0 0 0 0 0 0 0 0 0 0 0  </fenetre>
<fenetre> 0 0 0 0 0 0 0 0 0 0 0 478 545 1 0 0 0 0 0 0 0 0 0 0 0  </fenetre>
<fenetre> 0 0 0 0 0 0 0 0 0 0 0 433 591 0 0 0 0 0 0 0 0 0 0 0 0  </fenetre>
<fenetre> 0 0 0 0 0 0 0 0 0 0 0 315 709 0 0 0 0 0 0 0 0 0 0 0 0  </fenetre>
<fenetre> 0 0 0 0 0 0 0 0 5 71 73 291 412 112 60 0 0 0 0 0 0 0 0 0 0  </fenetre>
<fenetre> 0 0 0 0 0 0 0 23 55 101 102 152 230 253 89 17 2 0 0 0 0 0 0 0 0  </fenetre>
<fenetre> 0 0 0 0 0 0 0 0 0 0 43 390 542 47 2 0 0 0 0 0 0 0 0 0 0  </fenetre>
<fenetre> 0 0 0 0 0 0 0 0 25 36 89 329 374 117 41 13 0 0 0 0 0 0 0 0 0  </fenetre>
<fenetre> 0 0 0 0 0 0 0 0 0 12 209 258 349 160 32 4 0 0 0 0 0 0 0 0 0  </fenetre>
<fenetre> 0 0 0 0 0 0 0 0 0 80 217 186 267 193 56 25 0 0 0 0 0 0 0 0 0  </fenetre>
<fenetre> 0 0 0 0 0 0 0 0 0 74 136 216 387 209 2 0 0 0 0 0 0 0 0 0 0  </fenetre>
<fenetre> 0 0 0 0 0 0 0 0 0 45 136 290 342 201 10 0 0 0 0 0 0 0 0 0 0  </fenetre>
<fenetre> 0 0 0 0 0 0 0 0 0 3 94 396 418 107 6 0 0 0 0 0 0 0 0 0 0  </fenetre>
<fenetre> 0 0 0 0 0 0 0 0 8 43 258 294 162 102 88 51 13 5 0 0 0 0 0 0 0  </fenetre>
<fenetre> 0 0 0 0 0 0 0 0 0 0 106 419 398 77 24 0 0 0 0 0 0 0 0 0 0  </fenetre>
<fenetre> 0 0 0 0 0 0 0 1 54 43 59 272 348 194 53 0 0 0 0 0 0 0 0 0 0  </fenetre>
<fenetre> 0 0 0 0 0 0 0 0 0 15 26 410 523 49 1 0 0 0 0 0 0 0 0 0 0  </fenetre>
<fenetre> 0 0 0 0 0 0 0 0 9 32 213 311 279 76 46 43 14 1 0 0 0 0 0 0 0  </fenetre>
<fenetre> 0 0 0 0 0 0 0 0 0 0 231 275 319 134 65 0 0 0 0 0 0 0 0 0 0  </fenetre>
<fenetre> 0 0 0 0 0 0 0 0 34 47 68 279 430 105 61 0 0 0 0 0 0 0 0 0 0  </fenetre>
<fenetre> 0 0 0 0 0 0 0 0 21 51 103 288 385 145 30 1 0 0 0 0 0 0 0 0 0  </fenetre>
<fenetre> 0 0 0 0 0 0 0 0 0 8 88 379 438 105 6 0 0 0 0 0 0 0 0 0 0  </fenetre>
<fenetre> 0 0 0 0 0 0 0 10 50 115 80 246 245 107 127 31 13 0 0 0 0 0 0 0 0  </fenetre>
<fenetre> 0 0 0 0 0 0 0 0 0 94 264 172 186 128 162 18 0 0 0 0 0 0 0 0 0  </fenetre>
<fenetre> 0 0 0 0 0 0 0 0 0 17 212 316 255 145 77 2 0 0 0 0 0 0 0 0 0  </fenetre>
<fenetre> 0 0 0 0 0 0 0 0 13 54 182 232 260 218 53 12 0 0 0 0 0 0 0 0 0  </fenetre>
<fenetre> 0 0 0 0 0 0 0 0 0 54 133 283 385 131 37 1 0 0 0 0 0 0 0 0 0  </fenetre>
<fenetre> 0 0 0 0 0 0 0 0 0 12 239 283 300 102 53 35 0 0 0 0 0 0 0 0 0  </fenetre>
<fenetre> 0 0 0 0 0 0 0 0 0 28 206 312 238 171 58 11 0 0 0 0 0 0 0 0 0  </fenetre>
<fenetre> 0 0 0 0 0 0 0 0 2 93 231 160 170 263 105 0 0 0 0 0 0 0 0 0 0  </fenetre>
<fenetre> 0 0 0 0 0 0 0 3 31 154 203 135 141 122 173 62 0 0 0 0 0 0 0 0 0  </fenetre>
<fenetre> 0 0 0 0 0 0 0 0 0 4 67 402 456 90 5 0 0 0 0 0 0 0 0 0 0  </fenetre>
<fenetre> 0 0 0 0 0 0 0 0 0 0 2 315 702 5 0 0 0 0 0 0 0 0 0 0 0  </fenetre>
<fenetre> 0 0 0 0 0 0 0 0 0 0 0 140 884 0 0 0 0 0 0 0 0 0 0 0 0  </fenetre>
<fenetre> 0 0 0 0 0 0 0 0 0 0 144 324 455 101 0 0 0 0 0 0 0 0 0 0 0  </fenetre>
<fenetre> 0 0 0 0 0 0 0 0 0 2 97 379 425 107 9 5 0 0 0 0 0 0 0 0 0  </fenetre>
<fenetre> 0 0 0 0 0 0 0 9 30 98 198 220 168 126 103 61 11 0 0 0 0 0 0 0 0  </fenetre>
<fenetre> 0 0 0 0 0 0 0 2 10 129 186 158 166 227 146 0 0 0 0 0 0 0 0 0 0  </fenetre>
<fenetre> 0 0 0 0 0 0 0 3 14 38 185 267 253 212 52 0 0 0 0 0 0 0 0 0 0  </fenetre>
<fenetre> 0 0 0 0 0 0 0 0 0 8 148 302 428 130 8 0 0 0 0 0 0 0 0 0 0  </fenetre>
<fenetre> 0 0 0 0 0 0 0 0 0 7 109 362 420 121 5 0 0 0 0 0 0 0 0 0 0  </fenetre>
<fenetre> 0 0 0 0 0 0 0 0 0 2 27 458 490 41 6 0 0 0 0 0 0 0 0 0 0  </fenetre>
<fenetre> 0 0 0 0 0 0 0 0 0 34 128 268 441 136 17 0 0 0 0 0 0 0 0 0 0  </fenetre>
<fenetre> 0 0 0 0 0 0 0 0 0 3 30 401 556 30 4 0 0 0 0 0 0 0 0 0 0  </fenetre>
<fenetre> 0 0 0 0 0 0 0 0 0 0 0 428 596 0 0 0 0 0 0 0 0 0 0 0 0  </fenetre>
<fenetre> 0 0 0 0 0 0 0 0 0 0 2 469 552 1 0 0 0 0 0 0 0 0 0 0 0  </fenetre>
<fenetre> 0 0 0 0 0 0 0 0 0 0 1 460 559 4 0 0 0 0 0 0 0 0 0 0 0  </fenetre>
<fenetre> 0 0 0 0 0 0 0 0 0 0 0 358 666 0 0 0 0 0 0 0 0 0 0 0 0  </fenetre>
<fenetre> 0 0 0 0 0 0 0 0 0 0 0 446 578 0 0 0 0 0 0 0 0 0 0 0 0  </fenetre>
<fenetre> 0 0 0 0 0 0 0 0 0 2 39 442 501 38 1 1 0 0 0 0 0 0 0 0 0  </fenetre>
<fenetre> 0 0 0 0 0 0 0 0 0 0 5 469 544 6 0 0 0 0 0 0 0 0 0 0 0  </fenetre>
<fenetre> 0 0 0 0 0 0 0 0 0 0 0 443 581 0 0 0 0 0 0 0 0 0 0 0 0  </fenetre>
<fenetre> 0 0 0 0 0 0 0 0 0 0 0 359 665 0 0 0 0 0 0 0 0 0 0 0 0  </fenetre>
<fenetre> 0 0 0 0 0 0 0 0 0 73 86 311 418 39 41 43 13 0 0 0 0 0 0 0 0  </fenetre>
<fenetre> 0 0 0 0 0 0 0 0 37 93 207 215 180 123 112 34 23 0 0 0 0 0 0 0 0  </fenetre>
<fenetre> 0 0 0 0 0 0 0 1 6 35 198 261 271 177 71 4 0 0 0 0 0 0 0 0 0  </fenetre>
<fenetre> 0 0 0 0 0 0 0 0 0 0 196 291 320 217 0 0 0 0 0 0 0 0 0 0 0  </fenetre>
<fenetre> 0 0 0 0 0 0 0 6 66 128 107 166 223 126 136 65 1 0 0 0 0 0 0 0 0  </fenetre>
<fenetre> 0 0 0 0 0 0 0 0 14 114 162 202 216 191 119 6 0 0 0 0 0 0 0 0 0  </fenetre>
<fenetre> 0 0 0 0 0 0 0 0 0 9 118 367 393 125 12 0 0 0 0 0 0 0 0 0 0  </fenetre>
<fenetre> 0 0 0 0 0 0 0 0 2 90 154 322 242 88 66 52 8 0 0 0 0 0 0 0 0  </fenetre>
<fenetre> 0 0 0 0 0 0 0 0 0 12 40 474 441 31 18 8 0 0 0 0 0 0 0 0 0  </fenetre>
<fenetre> 0 0 0 0 0 0 0 0 0 47 160 359 259 89 65 44 1 0 0 0 0 0 0 0 0  </fenetre>
<fenetre> 0 0 0 0 0 0 0 0 0 0 6 451 552 15 0 0 0 0 0 0 0 0 0 0 0  </fenetre>
<fenetre> 0 0 0 0 0 0 0 0 1 73 239 245 198 114 105 49 0 0 0 0 0 0 0 0 0  </fenetre>
<fenetre> 0 0 0 0 0 0 0 0 4 56 229 307 156 98 141 32 1 0 0 0 0 0 0 0 0  </fenetre>
<fenetre> 0 0 0 0 0 0 0 1 41 138 118 128 258 212 114 14 0 0 0 0 0 0 0 0 0  </fenetre>
<fenetre> 0 0 0 0 0 0 0 0 21 122 195 187 158 186 117 38 0 0 0 0 0 0 0 0 0  </fenetre>
<fenetre> 0 0 0 0 0 0 0 0 0 0 37 420 536 31 0 0 0 0 0 0 0 0 0 0 0  </fenetre>
<fenetre> 0 0 0 0 0 0 0 0 10 63 122 218 436 83 50 32 8 2 0 0 0 0 0 0 0  </fenetre>
<fenetre> 0 0 0 0 0 0 0 0 0 26 178 311 314 139 51 5 0 0 0 0 0 0 0 0 0  </fenetre>
<fenetre> 0 0 0 0 0 0 0 0 0 0 38 458 501 27 0 0 0 0 0 0 0 0 0 0 0  </fenetre>
<fenetre> 0 0 0 0 0 0 0 0 41 87 150 130 277 295 44 0 0 0 0 0 0 0 0 0 0  </fenetre>
<fenetre> 0 0 0 0 0 0 0 1 31 71 168 214 300 118 81 37 3 0 0 0 0 0 0 0 0  </fenetre>
<fenetre> 0 0 0 0 0 0 0 0 0 51 104 313 438 62 55 1 0 0 0 0 0 0 0 0 0  </fenetre>
<fenetre> 0 0 0 0 0 0 0 0 0 14 71 383 488 66 2 0 0 0 0 0 0 0 0 0 0  </fenetre>
<fenetre> 0 0 0 0 0 0 2 11 52 110 145 147 189 192 142 34 0 0 0 0 0 0 0 0 0  </fenetre>
<fenetre> 0 0 0 0 0 0 2 12 42 114 145 158 184 234 127 6 0 0 0 0 0 0 0 0 0  </fenetre>
<fenetre> 0 0 0 0 0 0 0 4 67 84 124 162 249 183 98 53 0 0 0 0 0 0 0 0 0  </fenetre>
<fenetre> 0 0 0 0 0 0 0 0 7 119 226 220 135 138 126 53 0 0 0 0 0 0 0 0 0  </fenetre>
<fenetre> 0 0 0 0 0 0 0 0 20 161 142 136 190 243 123 9 0 0 0 0 0 0 0 0 0  </fenetre>
<fenetre> 0 0 0 0 0 0 0 0 10 83 120 254 306 159 90 2 0 0 0 0 0 0 0 0 0  </fenetre>
<fenetre> 0 0 0 0 0 0 0 0 12 118 169 251 175 110 151 38 0 0 0 0 0 0 0 0 0  </fenetre>
<fenetre> 0 0 0 0 0 0 0 0 83 163 131 139 137 131 187 53 0 0 0 0 0 0 0 0 0  </fenetre>
<fenetre> 0 0 0 0 0 0 0 0 1 121 166 160 246 247 80 3 0 0 0 0 0 0 0 0 0  </fenetre>
<fenetre> 0 0 0 0 0 0 0 0 0 0 19 463 534 8 0 0 0 0 0 0 0 0 0 0 0  </fenetre>
<fenetre> 0 0 0 0 0 0 0 0 0 16 94 364 457 93 0 0 0 0 0 0 0 0 0 0 0  </fenetre>
<fenetre> 0 0 0 0 0 0 0 0 0 58 173 260 258 235 39 1 0 0 0 0 0 0 0 0 0  </fenetre>
<fenetre> 0 0 0 0 0 0 0 0 0 23 98 403 364 114 22 0 0 0 0 0 0 0 0 0 0  </fenetre>
<fenetre> 0 0 0 0 0 0 0 0 1 145 169 160 210 258 39 36 6 0 0 0 0 0 0 0 0  </fenetre>
<fenetre> 0 0 0 0 0 0 0 0 0 0 13 463 532 16 0 0 0 0 0 0 0 0 0 0 0  </fenetre>
<fenetre> 0 0 0 0 0 0 0 10 37 51 77 279 362 141 53 14 0 0 0 0 0 0 0 0 0  </fenetre>
<fenetre> 0 0 0 0 0 0 0 0 70 144 142 115 126 213 202 12 0 0 0 0 0 0 0 0 0  </fenetre>
<fenetre> 0 0 0 0 0 0 0 0 0 82 173 354 174 79 105 57 0 0 0 0 0 0 0 0 0  </fenetre>
<fenetre> 0 0 0 0 0 0 0 0 32 100 126 192 260 224 69 21 0 0 0 0 0 0 0 0 0  </fenetre>
<fenetre> 0 0 0 0 0 0 0 0 1 44 234 174 292 242 35 2 0 0 0 0 0 0 0 0 0  </fenetre>
<fenetre> 0 0 0 0 0 0 0 0 2 113 143 230 275 163 95 3 0 0 0 0 0 0 0 0 0  </fenetre>
<fenetre> 0 0 0 0 0 0 0 0 0 0 1 442 580 1 0 0 0 0 0 0 0 0 0 0 0  </fenetre>
<fenetre> 0 0 0 0 0 0 0 0 0 3 41 403 540 32 5 0 0 0 0 0 0 0 0 0 0  </fenetre>
<fenetre> 0 0 0 0 0 0 0 0 0 0 0 205 273 0 0 0 0 0 0 0 0 0 0 0 0  </fenetre>
<id> 1 </id>
<fenetre> 0 0 0 0 0 0 3 6 20 96 167 218 224 119 97 40 27 6 0 0 0 0 0 0 0  </fenetre>
<fenetre> 0 0 0 0 0 0 1 16 42 68 161 257 222 123 86 40 6 2 0 0 0 0 0 0 0  </fenetre>
<fenetre> 0 0 0 0 0 0 0 1 38 96 178 202 172 171 119 37 7 3 0 0 0 0 0 0 0  </fenetre>
<fenetre> 0 0 0 0 0 0 0 3 30 95 171 179 192 223 95 31 5 0 0 0 0 0 0 0 0  </fenetre>
<fenetre> 0 0 0 0 0 0 0 9 43 78 178 248 215 126 88 25 14 0 0 0 0 0 0 0 0  </fenetre>
<fenetre> 0 0 0 0 0 0 0 1 6 54 200 256 221 165 104 16 0 1 0 0 0 0 0 0 0  </fenetre>
<fenetre> 0 0 0 0 0 0 0 1 8 69 150 238 295 175 72 15 1 0 0 0 0 0 0 0 0  </fenetre>
<fenetre> 0 0 0 0 0 0 0 1 13 50 163 242 314 186 48 6 1 0 0 0 0 0 0 0 0  </fenetre>
<fenetre> 0 0 0 0 0 0 0 0 5 31 167 300 321 162 34 4 0 0 0 0 0 0 0 0 0  </fenetre>
<fenetre> 0 0 0 0 0 0 0 2 25 101 163 239 228 154 86 23 3 0 0 0 0 0 0 0 0  </fenetre>
<fenetre> 0 0 0 0 0 0 0 5 12 88 182 183 271 179 74 25 5 0 0 0 0 0 0 0 0  </fenetre>
<fenetre> 0 0 0 0 0 0 0 1 25 83 166 192 264 175 91 26 1 0 0 0 0 0 0 0 0  </fenetre>
<fenetre> 0 0 0 0 0 0 0 0 15 63 151 253 261 193 68 17 3 0 0 0 0 0 0 0 0  </fenetre>
<fenetre> 0 0 0 0 0 1 4 9 35 87 129 188 257 214 90 10 0 0 0 0 0 0 0 0 0  </fenetre>
<fenetre> 0 0 0 0 0 0 0 6 26 94 161 224 242 151 92 27 1 0 0 0 0 0 0 0 0  </fenetre>
<fenetre> 0 0 0 0 0 0 1 8 43 99 151 183 202 211 103 23 0 0 0 0 0 0 0 0 0  </fenetre>
<fenetre> 0 0 0 0 0 0 0 13 34 91 134 209 227 174 100 41 1 0 0 0 0 0 0 0 0  </fenetre>
<fenetre> 0 0 0 0 0 0 0 6 32 95 133 185 244 181 113 31 4 0 0 0 0 0 0 0 0  </fenetre>
<fenetre> 0 0 0 0 0 0 0 1 4 61 177 297 235 164 67 18 0 0 0 0 0 0 0 0 0  </fenetre>
<fenetre> 0 0 0 0 0 0 0 0 6 43 170 305 277 161 54 8 0 0 0 0 0 0 0 0 0  </fenetre>
<fenetre> 0 0 0 0 0 0 0 0 9 76 181 255 245 171 67 19 1 0 0 0 0 0 0 0 0  </fenetre>
<fenetre> 0 0 0 0 0 0 0 0 0 66 181 248 271 152 87 19 0 0 0 0 0 0 0 0 0  </fenetre>
<fenetre> 0 0 0 0 0 0 0 0 1 71 184 232 293 159 58 23 3 0 0 0 0 0 0 0 0  </fenetre>
<fenetre> 0 0 0 0 0 0 0 0 2 57 186 284 242 156 77 19 1 0 0 0 0 0 0 0 0  </fenetre>
<fenetre> 0 0 0 0 0 0 0 0 3 49 186 291 261 169 61 4 0 0 0 0 0 0 0 0 0  </fenetre>
<fenetre> 0 0 0 0 0 0 0 0 5 60 166 285 282 164 43 19 0 0 0 0 0 0 0 0 0  </fenetre>
<fenetre> 0 0 0 0 0 0 0 2 16 77 148 256 251 202 50 20 2 0 0 0 0 0 0 0 0  </fenetre>
<fenetre> 0 0 0 0 0 0 0 0 4 66 191 228 270 172 67 23 3 0 0 0 0 0 0 0 0  </fenetre>
<fenetre> 0 0 0 0 0 0 0 1 5 76 194 254 213 164 86 26 4 1 0 0 0 0 0 0 0  </fenetre>
<fenetre> 0 0 0 0 0 0 0 0 12 74 198 256 195 175 91 22 1 0 0 0 0 0 0 0 0  </fenetre>
<fenetre> 0 0 0 0 0 0 0 0 8 84 208 240 220 146 101 16 1 0 0 0 0 0 0 0 0  </fenetre>
<fenetre> 0 0 0 0 0 0 0 0 12 91 209 243 179 146 106 34 4 0 0 0 0 0 0 0 0  </fenetre>
<fenetre> 0 0 0 0 0 0 0 0 9 86 179 240 221 145 99 43 2 0 0 0 0 0 0 0 0  </fenetre>
<fenetre> 0 0 0 0 0 0 0 0 9 80 157 277 273 115 59 38 13 3 0 0 0 0 0 0 0  </fenetre>
<fenetre> 0 0 0 0 0 0 0 0 3 69 170 300 279 94 53 45 11 0 0 0 0 0 0 0 0  </fenetre>
<fenetre> 0 0 0 0 0 0 0 0 1 57 205 327 216 99 77 35 7 0 0 0 0 0 0 0 0  </fenetre>
<fenetre> 0 0 0 0 0 0 0 0 2 75 181 310 261 92 52 44 7 0 0 0 0 0 0 0 0  </fenetre>
<fenetre> 0 0 0 0 0 0 0 0 15 79 101 280 343 106 52 38 10 0 0 0 0 0 0 0 0  </fenetre>
<fenetre> 0 0 0 0 0 0 0 0 13 88 79 250 389 142 50 11 2 0 0 0 0 0 0 0 0  </fenetre>
<fenetre> 0 0 0 0 0 0 0 0 10 83 95 269 336 162 45 9 0 0 0 0 0 0 0 0 0  </fenetre>
