<id> 0 </id>
<fenetre> 0 0 0 0 0 0 0 0 0 0 0 0 0 0 0 0 0 0 0 0 0 0 2 2 668 1371 2 2 0 0 0 0 0 0 0 0 0 0 0 0 0 0 0 0 0 0 0 0 0 0 0  </fenetre>
<fenetre> 0 0 0 0 0 0 0 0 0 0 0 0 0 0 0 0 0 0 0 0 0 1 4 48 815 1113 62 3 2 0 0 0 0 0 0 0 0 0 0 0 0 0 0 0 0 0 0 0 0 0 0  </fenetre>
<fenetre> 0 0 0 0 0 0 0 0 0 0 0 0 0 0 1 1 2 2 8 5 11 18 51 153 637 863 191 49 18 15 8 7 5 2 1 0 0 0 0 0 0 0 0 0 0 0 0 0 0 0 0  </fenetre>
<fenetre> 0 0 0 0 0 0 0 0 0 0 0 0 0 0 0 0 6 9 10 42 58 102 170 263 342 349 264 196 115 53 29 19 17 1 1 1 1 0 0 0 0 0 0 0 0 0 0 0 0 0 0  </fenetre>
<fenetre> 0 0 0 0 0 0 0 0 0 0 0 0 0 0 0 0 0 0 4 4 22 54 63 143 608 853 139 67 51 30 10 0 0 0 0 0 0 0 0 0 0 0 0 0 0 0 0 0 0 0 0  </fenetre>
<fenetre> 0 0 0 0 0 0 0 0 0 0 0 0 0 0 0 0 2 5 13 32 52 114 114 179 490 568 191 72 62 55 35 24 29 10 1 0 0 0 0 0 0 0 0 0 0 0 0 0 0 0 0  </fenetre>
<fenetre> 0 0 0 0 0 0 0 0 0 0 0 0 0 0 0 0 0 6 12 32 53 130 170 285 358 322 256 164 105 70 65 16 4 0 0 0 0 0 0 0 0 0 0 0 0 0 0 0 0 0 0  </fenetre>
<fenetre> 0 0 0 0 0 0 0 0 0 0 0 0 0 0 0 0 0 1 5 19 55 99 188 287 349 403 265 160 102 59 46 7 3 0 0 0 0 0 0 0 0 0 0 0 0 0 0 0 0 0 0  </fenetre>
<fenetre> 0 0 0 0 0 0 0 0 0 0 0 0 0 0 0 0 0 0 1 25 66 80 112 222 582 467 185 111 62 50 50 35 0 0 0 0 0 0 0 0 0 0 0 0 0 0 0 0 0 0 0  </fenetre>
<fenetre> 0 0 0 0 0 0 0 0 0 0 0 0 0 0 0 0 0 0 0 0 4 7 41 122 785 896 128 32 19 6 4 4 0 0 0 0 0 0 0 0 0 0 0 0 0 0 0 0 0 0 0  </fenetre>
<fenetre> 0 0 0 0 0 0 0 0 0 0 0 0 0 0 1 2 5 6 15 15 28 29 42 107 622 900 107 56 36 23 29 14 8 2 1 0 0 0 0 0 0 0 0 0 0 0 0 0 0 0 0  </fenetre>
<fenetre> 0 0 0 0 0 0 0 0 0 0 0 0 0 0 0 0 0 1 22 29 80 83 161 265 385 353 270 164 103 62 40 16 9 5 0 0 0 0 0 0 0 0 0 0 0 0 0 0 0 0 0  </fenetre>
<fenetre> 0 0 0 0 0 0 0 0 0 0 0 0 0 0 0 0 0 0 0 0 3 8 15 59 705 1169 55 18 9 5 2 0 0 0 0 0 0 0 0 0 0 0 0 0 0 0 0 0 0 0 0  </fenetre>
<fenetre> 0 0 0 0 0 0 0 0 0 0 0 0 0 0 0 0 0 5 8 15 41 37 84 92 615 839 104 94 42 38 21 8 5 0 0 0 0 0 0 0 0 0 0 0 0 0 0 0 0 0 0  </fenetre>
<fenetre> 0 0 0 0 0 0 0 0 0 0 0 0 0 0 0 1 4 17 17 22 31 46 149 254 411 482 312 153 79 24 16 18 8 4 0 0 0 0 0 0 0 0 0 0 0 0 0 0 0 0 0  </fenetre>
<fenetre> 0 0 0 0 0 0 0 0 0 0 0 0 0 0 0 0 2 0 12 23 56 81 120 151 412 706 195 119 73 46 37 14 1 0 0 0 0 0 0 0 0 0 0 0 0 0 0 0 0 0 0  </fenetre>
<fenetre> 0 0 0 0 0 0 0 0 0 0 0 0 0 0 0 0 1 11 18 37 84 105 172 257 307 336 261 173 125 80 58 21 2 0 0 0 0 0 0 0 0 0 0 0 0 0 0 0 0 0 0  </fenetre>
<fenetre> 0 0 0 0 0 0 0 0 0 0 0 0 0 0 0 0 0 0 0 5 24 35 67 183 655 712 214 82 44 13 12 2 0 0 0 0 0 0 0 0 0 0 0 0 0 0 0 0 0 0 0  </fenetre>
<fenetre> 0 0 0 0 0 0 0 0 0 0 0 0 0 0 0 0 0 2 2 6 15 37 97 274 545 557 335 105 49 18 5 0 1 0 0 0 0 0 0 0 0 0 0 0 0 0 0 0 0 0 0  </fenetre>
<fenetre> 0 0 0 0 0 0 0 0 0 0 0 0 0 0 0 0 0 0 0 0 2 8 22 82 734 1079 80 26 12 2 1 0 0 0 0 0 0 0 0 0 0 0 0 0 0 0 0 0 0 0 0  </fenetre>
<fenetre> 0 0 0 0 0 0 0 0 0 0 0 0 0 0 1 3 5 13 26 26 51 135 161 254 356 354 190 163 127 95 50 22 11 4 1 0 0 0 0 0 0 0 0 0 0 0 0 0 0 0 0  </fenetre>
<fenetre> 0 0 0 0 0 0 0 0 0 0 0 0 0 0 0 0 0 3 12 13 38 63 104 212 509 606 239 110 66 39 25 9 0 0 0 0 0 0 0 0 0 0 0 0 0 0 0 0 0 0 0  </fenetre>
<fenetre> 0 0 0 0 0 0 0 0 0 0 0 0 0 0 0 0 3 8 11 21 41 60 108 191 520 593 232 98 61 45 38 15 3 0 0 0 0 0 0 0 0 0 0 0 0 0 0 0 0 0 0  </fenetre>
<fenetre> 0 0 0 0 0 0 0 0 0 0 0 0 0 0 0 0 0 17 24 21 27 43 46 71 595 907 89 58 53 41 32 23 1 0 0 0 0 0 0 0 0 0 0 0 0 0 0 0 0 0 0  </fenetre>
<fenetre> 0 0 0 0 0 0 0 0 0 0 0 0 0 0 0 0 0 12 20 36 61 85 130 237 421 449 261 129 78 50 32 19 13 14 1 0 0 0 0 0 0 0 0 0 0 0 0 0 0 0 0  </fenetre>
<fenetre> 0 0 0 0 0 0 0 0 0 0 0 0 0 0 0 0 0 0 5 10 22 59 95 185 591 678 186 107 55 15 25 11 4 0 0 0 0 0 0 0 0 0 0 0 0 0 0 0 0 0 0  </fenetre>
<fenetre> 0 0 0 0 0 0 0 0 0 0 0 0 0 0 0 0 0 0 3 14 50 115 186 241 403 368 270 199 122 50 25 1 1 0 0 0 0 0 0 0 0 0 0 0 0 0 0 0 0 0 0  </fenetre>
<fenetre> 0 0 0 0 0 0 0 0 0 0 0 0 0 0 0 1 0 6 24 50 84 100 184 249 303 314 249 181 143 89 31 22 12 5 1 0 0 0 0 0 0 0 0 0 0 0 0 0 0 0 0  </fenetre>
<fenetre> 0 0 0 0 0 0 0 0 0 0 0 0 0 0 0 0 0 0 8 24 45 79 114 212 472 552 239 131 104 40 24 3 1 0 0 0 0 0 0 0 0 0 0 0 0 0 0 0 0 0 0  </fenetre>
<fenetre> 0 0 0 0 0 0 0 0 0 0 0 0 0 0 0 0 0 0 0 0 0 0 0 6 462 1564 16 0 0 0 0 0 0 0 0 0 0 0 0 0 0 0 0 0 0 0 0 0 0 0 0  </fenetre>
<fenetre> 0 0 0 0 0 0 0 0 0 0 0 0 0 0 0 0 0 0 9 18 42 81 127 167 533 614 206 101 59 31 37 7 12 4 0 0 0 0 0 0 0 0 0 0 0 0 0 0 0 0 0  </fenetre>
<fenetre> 0 0 0 0 0 0 0 0 0 0 0 0 0 0 0 0 4 5 12 13 28 55 111 229 512 593 238 110 57 39 24 8 7 3 0 0 0 0 0 0 0 0 0 0 0 0 0 0 0 0 0  </fenetre>
<fenetre> 0 0 0 0 0 0 0 0 0 0 0 0 0 0 0 0 2 7 24 38 68 93 144 175 420 491 213 126 95 61 43 27 12 8 1 0 0 0 0 0 0 0 0 0 0 0 0 0 0 0 0  </fenetre>
<fenetre> 0 0 0 0 0 0 0 0 0 0 0 0 0 0 0 0 0 0 0 0 0 0 0 1 776 1269 2 0 0 0 0 0 0 0 0 0 0 0 0 0 0 0 0 0 0 0 0 0 0 0 0  </fenetre>
<fenetre> 0 0 0 0 0 0 0 0 0 0 0 0 0 0 0 0 0 0 2 5 3 5 4 50 742 1147 64 14 1 3 2 4 2 0 0 0 0 0 0 0 0 0 0 0 0 0 0 0 0 0 0  </fenetre>
<fenetre> 0 0 0 0 0 0 0 0 0 0 0 0 0 0 0 0 3 10 30 46 40 46 60 111 529 810 81 81 58 79 35 20 8 0 1 0 0 0 0 0 0 0 0 0 0 0 0 0 0 0 0  </fenetre>
<fenetre> 0 0 0 0 0 0 0 0 0 0 0 0 0 0 0 0 0 8 9 15 43 54 94 124 567 792 106 74 65 50 25 15 6 1 0 0 0 0 0 0 0 0 0 0 0 0 0 0 0 0 0  </fenetre>
<fenetre> 0 0 0 0 0 0 0 0 0 0 0 0 0 0 0 0 0 5 10 35 41 89 115 193 465 635 137 109 92 56 39 21 6 0 0 0 0 0 0 0 0 0 0 0 0 0 0 0 0 0 0  </fenetre>
<fenetre> 0 0 0 0 0 0 0 0 0 0 0 0 0 0 0 0 0 0 0 0 1 9 80 195 677 776 209 79 20 1 1 0 0 0 0 0 0 0 0 0 0 0 0 0 0 0 0 0 0 0 0  </fenetre>
<fenetre> 0 0 0 0 0 0 0 0 0 0 0 0 0 0 0 0 0 1 2 11 13 26 51 97 720 893 128 47 30 17 7 5 0 0 0 0 0 0 0 0 0 0 0 0 0 0 0 0 0 0 0  </fenetre>
<fenetre> 0 0 0 0 0 0 0 0 0 0 0 0 0 0 0 0 0 0 2 4 9 21 45 94 531 1146 89 57 23 22 5 0 0 0 0 0 0 0 0 0 0 0 0 0 0 0 0 0 0 0 0  </fenetre>
<fenetre> 0 0 0 0 0 0 0 0 0 0 0 0 0 0 0 0 0 0 13 35 61 77 110 229 496 476 236 121 68 55 33 26 12 0 0 0 0 0 0 0 0 0 0 0 0 0 0 0 0 0 0  </fenetre>
<fenetre> 0 0 0 0 0 0 0 0 0 0 0 0 0 0 0 1 6 9 25 40 48 52 99 128 587 646 118 74 65 53 52 28 13 4 0 0 0 0 0 0 0 0 0 0 0 0 0 0 0 0 0  </fenetre>
<fenetre> 0 0 0 0 0 0 0 0 0 0 0 0 0 0 0 0 0 0 5 23 26 45 105 192 525 642 269 94 84 35 3 0 0 0 0 0 0 0 0 0 0 0 0 0 0 0 0 0 0 0 0  </fenetre>
<fenetre> 0 0 0 0 0 0 0 0 0 0 0 0 0 0 0 0 0 0 0 0 0 0 0 0 358 1690 0 0 0 0 0 0 0 0 0 0 0 0 0 0 0 0 0 0 0 0 0 0 0 0 0  </fenetre>
<fenetre> 0 0 0 0 0 0 0 0 0 0 0 0 0 0 0 0 0 0 0 0 0 0 1 22 796 1198 30 1 0 0 0 0 0 0 0 0 0 0 0 0 0 0 0 0 0 0 0 0 0 0 0  </fenetre>
<fenetre> 0 0 0 0 0 0 0 0 0 0 0 0 0 0 0 0 0 0 0 0 0 0 6 99 800 998 129 15 1 0 0 0 0 0 0 0 0 0 0 0 0 0 0 0 0 0 0 0 0 0 0  </fenetre>
<fenetre> 0 0 0 0 0 0 0 0 0 0 0 0 0 0 0 5 4 15 21 63 44 76 104 194 361 593 189 132 96 67 38 25 7 10 3 1 0 0 0 0 0 0 0 0 0 0 0 0 0 0 0  </fenetre>
<fenetre> 0 0 0 0 0 0 0 0 0 0 0 0 0 0 0 0 0 0 1 9 38 52 108 233 558 591 211 124 66 44 9 4 0 0 0 0 0 0 0 0 0 0 0 0 0 0 0 0 0 0 0  </fenetre>
<fenetre> 0 0 0 0 0 0 0 0 0 0 0 0 0 0 0 0 3 11 22 39 85 112 168 271 302 273 226 224 137 117 35 12 10 0 1 0 0 0 0 0 0 0 0 0 0 0 0 0 0 0 0  </fenetre>
<fenetre> 0 0 0 0 0 0 0 0 0 0 0 0 0 0 0 0 3 4 7 19 37 55 77 129 519 845 145 89 39 35 25 13 6 0 1 0 0 0 0 0 0 0 0 0 0 0 0 0 0 0 0  </fenetre>
<fenetre> 0 0 0 0 0 0 0 0 0 0 0 0 0 0 0 0 0 0 0 1 13 14 22 19 756 1143 39 16 16 7 2 0 0 0 0 0 0 0 0 0 0 0 0 0 0 0 0 0 0 0 0  </fenetre>
<fenetre> 0 0 0 0 0 0 0 0 0 0 0 0 0 0 0 0 2 7 14 19 34 59 103 127 547 772 111 79 65 61 26 15 6 1 0 0 0 0 0 0 0 0 0 0 0 0 0 0 0 0 0  </fenetre>
<fenetre> 0 0 0 0 0 0 0 0 0 0 0 0 0 0 0 0 0 0 0 0 1 20 58 118 648 982 122 74 19 6 0 0 0 0 0 0 0 0 0 0 0 0 0 0 0 0 0 0 0 0 0  </fenetre>
<fenetre> 0 0 0 0 0 0 0 0 0 0 0 0 0 0 0 0 0 0 1 10 27 61 88 234 545 621 267 83 64 40 7 0 0 0 0 0 0 0 0 0 0 0 0 0 0 0 0 0 0 0 0  </fenetre>
<fenetre> 0 0 0 0 0 0 0 0 0 0 0 0 1 0 3 10 8 12 20 36 49 88 110 128 478 585 158 123 87 53 44 28 11 10 5 1 0 0 0 0 0 0 0 0 0 0 0 0 0 0 0  </fenetre>
<fenetre> 0 0 0 0 0 0 0 0 0 0 0 0 0 0 0 0 0 0 0 17 33 58 74 129 620 788 154 81 40 14 13 15 10 2 0 0 0 0 0 0 0 0 0 0 0 0 0 0 0 0 0  </fenetre>
<fenetre> 0 0 0 0 0 0 0 0 0 0 0 0 0 0 0 0 0 0 6 13 43 75 101 146 560 704 166 105 56 34 17 13 5 2 2 0 0 0 0 0 0 0 0 0 0 0 0 0 0 0 0  </fenetre>
<fenetre> 0 0 0 0 0 0 0 0 0 0 0 0 0 0 0 2 7 7 17 35 43 68 79 104 548 775 109 73 45 48 39 24 15 10 0 0 0 0 0 0 0 0 0 0 0 0 0 0 0 0 0  </fenetre>
<fenetre> 0 0 0 0 0 0 0 0 0 0 0 0 0 0 0 0 0 0 1 4 12 38 91 235 613 636 280 81 31 15 8 1 1 1 0 0 0 0 0 0 0 0 0 0 0 0 0 0 0 0 0  </fenetre>
<fenetre> 0 0 0 0 0 0 0 0 0 0 0 0 0 0 1 0 3 3 15 36 41 49 80 77 494 947 80 60 57 48 26 17 8 4 2 0 0 0 0 0 0 0 0 0 0 0 0 0 0 0 0  </fenetre>
<fenetre> 0 0 0 0 0 0 0 0 0 0 0 0 0 0 0 0 0 0 9 24 65 106 188 264 334 339 291 197 114 79 30 7 1 0 0 0 0 0 0 0 0 0 0 0 0 0 0 0 0 0 0  </fenetre>
<fenetre> 0 0 0 0 0 0 0 0 0 0 0 0 0 0 0 0 0 1 5 4 5 14 19 57 386 1452 62 18 9 5 5 5 1 0 0 0 0 0 0 0 0 0 0 0 0 0 0 0 0 0 0  </fenetre>
<fenetre> 0 0 0 0 0 0 0 0 0 0 0 0 0 0 0 0 0 0 8 28 56 80 142 168 457 601 187 121 99 48 31 20 2 0 0 0 0 0 0 0 0 0 0 0 0 0 0 0 0 0 0  </fenetre>
<fenetre> 0 0 0 0 0 0 0 0 0 0 0 0 0 0 0 0 0 0 0 0 0 1 5 23 575 1411 21 9 3 0 0 0 0 0 0 0 0 0 0 0 0 0 0 0 0 0 0 0 0 0 0  </fenetre>
<fenetre> 0 0 0 0 0 0 0 0 0 0 0 0 0 0 0 0 0 5 28 29 52 63 97 166 510 580 202 134 79 47 36 18 2 0 0 0 0 0 0 0 0 0 0 0 0 0 0 0 0 0 0  </fenetre>
<fenetre> 0 0 0 0 0 0 0 0 0 0 0 0 0 0 0 0 0 0 0 0 0 26 68 137 532 1013 166 82 23 1 0 0 0 0 0 0 0 0 0 0 0 0 0 0 0 0 0 0 0 0 0  </fenetre>
<fenetre> 0 0 0 0 0 0 0 0 0 0 0 0 0 0 0 0 5 16 26 42 53 58 108 173 407 652 162 97 88 87 39 15 15 5 0 0 0 0 0 0 0 0 0 0 0 0 0 0 0 0 0  </fenetre>
<fenetre> 0 0 0 0 0 0 0 0 0 0 0 0 0 0 0 0 0 0 0 0 0 3 17 51 746 1142 69 17 3 0 0 0 0 0 0 0 0 0 0 0 0 0 0 0 0 0 0 0 0 0 0  </fenetre>
<fenetre> 0 0 0 0 0 0 0 0 0 0 0 0 0 0 0 0 0 0 0 2 4 17 57 186 702 777 211 60 24 8 0 0 0 0 0 0 0 0 0 0 0 0 0 0 0 0 0 0 0 0 0  </fenetre>
<fenetre> 0 0 0 0 0 0 0 0 0 0 0 0 0 0 0 0 0 0 0 0 8 39 91 121 627 882 149 70 46 14 1 0 0 0 0 0 0 0 0 0 0 0 0 0 0 0 0 0 0 0 0  </fenetre>
<fenetre> 0 0 0 0 0 0 0 0 0 0 0 0 0 0 1 2 9 21 28 53 89 135 160 180 271 414 187 124 133 119 61 35 14 6 3 2 1 0 0 0 0 0 0 0 0 0 0 0 0 0 0  </fenetre>
<fenetre> 0 0 0 0 0 0 0 0 0 0 0 0 0 0 0 0 0 0 0 0 5 5 17 25 700 1241 25 16 8 6 0 0 0 0 0 0 0 0 0 0 0 0 0 0 0 0 0 0 0 0 0  </fenetre>
<fenetre> 0 0 0 0 0 0 0 0 0 0 0 0 0 0 0 0 0 0 0 0 0 0 4 72 811 1055 94 11 1 0 0 0 0 0 0 0 0 0 0 0 0 0 0 0 0 0 0 0 0 0 0  </fenetre>
<fenetre> 0 0 0 0 0 0 0 0 0 0 0 0 0 0 0 2 0 9 26 29 47 62 115 154 437 670 165 142 86 62 25 11 5 0 1 0 0 0 0 0 0 0 0 0 0 0 0 0 0 0 0  </fenetre>
<fenetre> 0 0 0 0 0 0 0 0 0 0 0 0 0 0 0 0 0 8 20 33 68 143 199 275 264 250 250 218 168 109 36 6 1 0 0 0 0 0 0 0 0 0 0 0 0 0 0 0 0 0 0  </fenetre>
<fenetre> 0 0 0 0 0 0 0 0 0 0 0 0 0 0 0 0 2 16 15 25 42 43 36 60 518 1030 64 60 40 35 29 17 11 5 0 0 0 0 0 0 0 0 0 0 0 0 0 0 0 0 0  </fenetre>
<fenetre> 0 0 0 0 0 0 0 0 0 0 0 0 0 0 0 0 1 4 5 19 43 105 184 266 340 354 321 231 113 50 12 0 0 0 0 0 0 0 0 0 0 0 0 0 0 0 0 0 0 0 0  </fenetre>
<fenetre> 0 0 0 0 0 0 0 0 0 0 0 0 0 0 0 0 0 1 8 35 46 76 130 266 410 488 265 133 92 58 31 6 3 0 0 0 0 0 0 0 0 0 0 0 0 0 0 0 0 0 0  </fenetre>
<fenetre> 0 0 0 0 0 0 0 0 0 0 0 0 0 0 0 0 3 3 23 34 50 71 93 173 462 694 119 123 84 53 25 19 12 6 1 0 0 0 0 0 0 0 0 0 0 0 0 0 0 0 0  </fenetre>
<fenetre> 0 0 0 0 0 0 0 0 0 0 0 0 0 0 0 1 1 6 15 29 69 106 163 203 376 424 250 161 135 59 31 13 4 2 0 0 0 0 0 0 0 0 0 0 0 0 0 0 0 0 0  </fenetre>
<fenetre> 0 0 0 0 0 0 0 0 0 0 0 0 0 0 0 0 0 0 0 2 30 58 106 245 523 612 255 107 79 30 1 0 0 0 0 0 0 0 0 0 0 0 0 0 0 0 0 0 0 0 0  </fenetre>
<fenetre> 0 0 0 0 0 0 0 0 0 0 0 0 0 0 0 0 0 0 9 20 27 71 87 157 538 755 146 111 56 32 20 11 6 2 0 0 0 0 0 0 0 0 0 0 0 0 0 0 0 0 0  </fenetre>
<fenetre> 0 0 0 0 0 0 0 0 0 0 0 0 0 0 0 0 0 0 0 2 3 30 74 141 600 914 164 77 28 13 1 1 0 0 0 0 0 0 0 0 0 0 0 0 0 0 0 0 0 0 0  </fenetre>
<fenetre> 0 0 0 0 0 0 0 0 0 0 0 0 0 1 0 5 10 8 13 21 47 73 112 158 405 712 158 121 97 47 26 11 7 7 8 1 0 0 0 0 0 0 0 0 0 0 0 0 0 0 0  </fenetre>
<fenetre> 0 0 0 0 0 0 0 0 0 0 0 0 0 0 0 0 0 0 0 0 2 20 50 137 671 925 159 63 17 4 0 0 0 0 0 0 0 0 0 0 0 0 0 0 0 0 0 0 0 0 0  </fenetre>
<fenetre> 0 0 0 0 0 0 0 0 0 0 0 0 0 0 0 0 0 0 0 0 0 0 0 4 624 1415 5 0 0 0 0 0 0 0 0 0 0 0 0 0 0 0 0 0 0 0 0 0 0 0 0  </fenetre>
<fenetre> 0 0 0 0 0 0 0 0 0 0 0 0 0 0 0 0 0 0 0 2 2 6 27 186 750 786 243 35 5 0 3 1 0 2 0 0 0 0 0 0 0 0 0 0 0 0 0 0 0 0 0  </fenetre>
<fenetre> 0 0 0 0 0 0 0 0 0 0 0 0 0 0 0 0 0 0 0 0 0 0 2 79 804 1065 90 8 0 0 0 0 0 0 0 0 0 0 0 0 0 0 0 0 0 0 0 0 0 0 0  </fenetre>
<fenetre> 0 0 0 0 0 0 0 0 0 0 0 0 0 0 1 2 11 11 18 37 61 100 102 162 452 548 183 91 114 85 35 17 7 1 7 3 0 0 0 0 0 0 0 0 0 0 0 0 0 0 0  </fenetre>
<fenetre> 0 0 0 0 0 0 0 0 0 0 0 0 0 0 0 0 1 1 6 15 44 116 127 220 468 444 238 183 133 39 9 2 2 0 0 0 0 0 0 0 0 0 0 0 0 0 0 0 0 0 0  </fenetre>
<fenetre> 0 0 0 0 0 0 0 0 0 0 0 0 0 0 0 0 5 19 32 65 129 106 135 149 329 404 157 127 145 116 86 35 5 2 1 0 0 1 0 0 0 0 0 0 0 0 0 0 0 0 0  </fenetre>
<fenetre> 0 0 0 0 0 0 0 0 0 0 0 0 0 0 0 0 0 0 0 0 1 1 0 5 627 1408 4 0 0 1 1 0 0 0 0 0 0 0 0 0 0 0 0 0 0 0 0 0 0 0 0  </fenetre>
<fenetre> 0 0 0 0 0 0 0 0 0 0 0 0 0 0 0 2 6 13 17 27 35 77 155 224 373 490 254 194 90 40 22 11 7 6 4 1 0 0 0 0 0 0 0 0 0 0 0 0 0 0 0  </fenetre>
<fenetre> 0 0 0 0 0 0 0 0 0 0 0 0 0 0 0 0 0 2 11 19 25 21 35 114 727 827 146 51 19 22 13 14 2 0 0 0 0 0 0 0 0 0 0 0 0 0 0 0 0 0 0  </fenetre>
<fenetre> 0 0 0 0 0 0 0 0 0 0 0 0 0 0 0 0 0 0 0 2 13 50 196 341 380 388 351 249 62 11 4 1 0 0 0 0 0 0 0 0 0 0 0 0 0 0 0 0 0 0 0  </fenetre>
<fenetre> 0 0 0 0 0 0 0 0 0 0 0 0 0 0 0 1 1 1 7 5 11 32 67 149 709 754 168 71 33 17 14 5 0 1 2 0 0 0 0 0 0 0 0 0 0 0 0 0 0 0 0  </fenetre>
<fenetre> 0 0 0 0 0 0 0 0 0 0 0 0 0 0 0 0 6 5 15 23 28 61 93 139 505 817 109 89 71 45 16 14 8 4 0 0 0 0 0 0 0 0 0 0 0 0 0 0 0 0 0  </fenetre>
<fenetre> 0 0 0 0 0 0 0 0 0 0 0 0 0 0 0 0 2 4 6 18 42 61 102 227 570 596 166 84 62 49 26 17 12 4 0 0 0 0 0 0 0 0 0 0 0 0 0 0 0 0 0  </fenetre>
<fenetre> 0 0 0 0 0 0 0 0 0 0 0 0 0 0 0 0 0 1 22 33 37 38 71 164 606 628 235 80 49 28 24 26 5 1 0 0 0 0 0 0 0 0 0 0 0 0 0 0 0 0 0  </fenetre>
<fenetre> 0 0 0 0 0 0 0 0 0 0 0 0 0 0 0 0 0 8 18 22 27 46 50 77 632 905 76 57 42 36 31 15 6 0 0 0 0 0 0 0 0 0 0 0 0 0 0 0 0 0 0  </fenetre>
<fenetre> 0 0 0 0 0 0 0 0 0 0 0 0 0 0 0 0 0 1 6 10 15 17 30 173 664 835 187 57 29 12 9 3 0 0 0 0 0 0 0 0 0 0 0 0 0 0 0 0 0 0 0  </fenetre>
<fenetre> 0 0 0 0 0 0 0 0 0 0 0 0 0 0 1 2 2 1 3 29 68 120 164 223 388 420 230 168 103 49 50 19 8 0 0 0 0 0 0 0 0 0 0 0 0 0 0 0 0 0 0  </fenetre>
<fenetre> 0 0 0 0 0 0 0 0 0 0 0 0 0 0 0 0 0 0 0 0 0 3 6 17 670 1313 27 12 0 0 0 0 0 0 0 0 0 0 0 0 0 0 0 0 0 0 0 0 0 0 0  </fenetre>
<fenetre> 0 0 0 0 0 0 0 0 0 0 0 0 0 0 0 0 0 0 0 0 0 0 0 0 694 1354 0 0 0 0 0 0 0 0 0 0 0 0 0 0 0 0 0 0 0 0 0 0 0 0 0  </fenetre>
<fenetre> 0 0 0 0 0 0 0 0 0 0 0 0 0 0 0 0 0 0 0 0 2 6 17 13 589 1402 2 2 6 5 4 0 0 0 0 0 0 0 0 0 0 0 0 0 0 0 0 0 0 0 0  </fenetre>
<fenetre> 0 0 0 0 0 0 0 0 0 0 0 0 0 0 0 1 4 42 109 103 112 143 155 140 139 187 194 193 150 162 87 58 49 18 2 0 0 0 0 0 0 0 0 0 0 0 0 0 0 0 0  </fenetre>
<fenetre> 0 0 0 0 0 0 0 0 0 0 0 0 0 0 0 0 0 0 1 10 63 210 232 247 249 304 307 199 47 76 73 25 4 1 0 0 0 0 0 0 0 0 0 0 0 0 0 0 0 0 0  </fenetre>
<fenetre> 0 0 0 0 0 0 0 0 0 0 0 0 0 0 0 0 1 11 30 56 74 172 310 292 185 164 167 159 106 105 106 55 34 20 1 0 0 0 0 0 0 0 0 0 0 0 0 0 0 0 0  </fenetre>
<fenetre> 0 0 0 0 0 0 0 0 0 0 0 0 0 0 0 0 0 0 100 187 145 176 154 132 144 141 132 133 128 160 125 111 74 5 1 0 0 0 0 0 0 0 0 0 0 0 0 0 0 0 0  </fenetre>
<fenetre> 0 0 0 0 0 0 0 0 0 0 0 0 0 0 0 0 2 10 21 63 136 139 131 150 299 420 149 152 114 139 86 37 0 0 0 0 0 0 0 0 0 0 0 0 0 0 0 0 0 0 0  </fenetre>
<fenetre> 0 0 0 0 0 0 0 0 0 0 0 0 0 0 0 0 6 20 26 38 48 65 77 88 487 816 95 69 50 49 53 35 19 6 1 0 0 0 0 0 0 0 0 0 0 0 0 0 0 0 0  </fenetre>
<fenetre> 0 0 0 0 0 0 0 0 0 0 0 0 0 0 0 0 0 0 3 14 35 87 239 362 368 350 193 118 107 76 58 37 1 0 0 0 0 0 0 0 0 0 0 0 0 0 0 0 0 0 0  </fenetre>
<fenetre> 0 0 0 0 0 0 0 0 0 0 0 0 0 0 0 0 0 1 3 6 33 51 148 262 503 478 295 141 84 34 8 1 0 0 0 0 0 0 0 0 0 0 0 0 0 0 0 0 0 0 0  </fenetre>
<fenetre> 0 0 0 0 0 0 0 0 0 0 0 0 0 0 0 0 0 0 0 6 29 83 354 387 300 289 190 133 79 62 52 33 37 14 0 0 0 0 0 0 0 0 0 0 0 0 0 0 0 0 0  </fenetre>
<fenetre> 0 0 0 0 0 0 0 0 0 0 0 0 0 0 0 0 1 20 38 56 71 91 137 249 364 294 272 168 103 73 50 26 25 8 2 0 0 0 0 0 0 0 0 0 0 0 0 0 0 0 0  </fenetre>
<fenetre> 0 0 0 0 0 0 0 0 0 0 0 0 0 0 0 0 4 21 18 23 28 50 205 312 316 354 357 213 55 27 20 21 20 4 0 0 0 0 0 0 0 0 0 0 0 0 0 0 0 0 0  </fenetre>
<fenetre> 0 0 0 0 0 0 0 0 0 0 0 0 0 0 0 0 0 0 0 6 92 157 151 237 363 424 255 118 76 75 43 29 16 6 0 0 0 0 0 0 0 0 0 0 0 0 0 0 0 0 0  </fenetre>
<fenetre> 0 0 0 0 0 0 0 0 0 0 0 0 0 0 0 0 0 2 98 102 169 163 143 136 146 172 231 168 153 207 137 20 1 0 0 0 0 0 0 0 0 0 0 0 0 0 0 0 0 0 0  </fenetre>
<fenetre> 0 0 0 0 0 0 0 0 0 0 0 0 0 0 0 0 0 24 133 168 152 130 117 120 139 140 166 137 144 167 170 118 23 0 0 0 0 0 0 0 0 0 0 0 0 0 0 0 0 0 0  </fenetre>
<fenetre> 0 0 0 0 0 0 0 0 0 0 0 0 0 0 0 0 0 1 24 47 77 149 238 305 264 216 157 160 124 130 107 48 1 0 0 0 0 0 0 0 0 0 0 0 0 0 0 0 0 0 0  </fenetre>
<fenetre> 0 0 0 0 0 0 0 0 0 0 0 0 0 0 0 0 3 25 32 21 58 84 107 279 321 374 406 188 44 35 47 24 0 0 0 0 0 0 0 0 0 0 0 0 0 0 0 0 0 0 0  </fenetre>
<fenetre> 0 0 0 0 0 0 0 0 0 0 0 0 0 0 0 0 0 0 13 19 34 53 100 224 479 620 230 122 90 45 19 0 0 0 0 0 0 0 0 0 0 0 0 0 0 0 0 0 0 0 0  </fenetre>
<fenetre> 0 0 0 0 0 0 0 0 0 0 0 0 0 0 0 0 0 2 14 47 30 75 107 178 477 625 184 129 72 43 46 18 1 0 0 0 0 0 0 0 0 0 0 0 0 0 0 0 0 0 0  </fenetre>
<fenetre> 0 0 0 0 0 0 0 0 0 0 0 0 0 0 0 0 7 76 127 94 74 78 90 125 302 297 184 115 96 114 122 95 49 3 0 0 0 0 0 0 0 0 0 0 0 0 0 0 0 0 0  </fenetre>
<fenetre> 0 0 0 0 0 0 0 0 0 0 0 0 0 0 0 0 0 0 2 77 128 138 174 216 244 245 276 223 144 78 68 29 5 1 0 0 0 0 0 0 0 0 0 0 0 0 0 0 0 0 0  </fenetre>
<fenetre> 0 0 0 0 0 0 0 0 0 0 0 0 0 0 0 0 0 12 33 52 76 85 147 244 352 362 256 127 82 104 73 32 8 3 0 0 0 0 0 0 0 0 0 0 0 0 0 0 0 0 0  </fenetre>
<fenetre> 0 0 0 0 0 0 0 0 0 0 0 0 0 0 0 0 0 30 110 113 91 81 105 132 208 280 270 225 184 93 81 42 3 0 0 0 0 0 0 0 0 0 0 0 0 0 0 0 0 0 0  </fenetre>
<fenetre> 0 0 0 0 0 0 0 0 0 0 0 0 0 0 0 0 0 0 0 12 48 117 185 305 326 369 292 195 114 68 15 2 0 0 0 0 0 0 0 0 0 0 0 0 0 0 0 0 0 0 0  </fenetre>
<fenetre> 0 0 0 0 0 0 0 0 0 0 0 0 0 0 0 3 5 17 40 78 135 190 205 170 175 174 160 164 192 181 85 37 25 11 0 1 0 0 0 0 0 0 0 0 0 0 0 0 0 0 0  </fenetre>
<fenetre> 0 0 0 0 0 0 0 0 0 0 0 0 0 0 0 0 9 44 103 217 174 132 131 107 114 96 121 109 130 148 202 158 48 5 0 0 0 0 0 0 0 0 0 0 0 0 0 0 0 0 0  </fenetre>
<fenetre> 0 0 0 0 0 0 0 0 0 0 0 0 0 0 0 3 2 5 40 62 94 135 254 314 240 151 148 149 126 116 122 73 9 4 1 0 0 0 0 0 0 0 0 0 0 0 0 0 0 0 0  </fenetre>
<fenetre> 0 0 0 0 0 0 0 0 0 0 0 0 0 0 0 0 0 0 0 1 11 19 24 63 621 1149 110 28 17 4 1 0 0 0 0 0 0 0 0 0 0 0 0 0 0 0 0 0 0 0 0  </fenetre>
<fenetre> 0 0 0 0 0 0 0 0 0 0 0 0 0 0 0 0 2 6 11 24 92 307 292 251 142 112 142 163 124 159 150 59 10 2 0 0 0 0 0 0 0 0 0 0 0 0 0 0 0 0 0  </fenetre>
<fenetre> 0 0 0 0 0 0 0 0 0 0 0 0 0 0 0 0 7 28 63 163 112 130 150 121 145 205 207 174 211 189 119 23 1 0 0 0 0 0 0 0 0 0 0 0 0 0 0 0 0 0 0  </fenetre>
<fenetre> 0 0 0 0 0 0 0 0 0 0 0 0 0 0 0 0 2 7 2 12 5 13 52 251 609 654 355 53 17 16 0 0 0 0 0 0 0 0 0 0 0 0 0 0 0 0 0 0 0 0 0  </fenetre>
<fenetre> 0 0 0 0 0 0 0 0 0 0 0 0 0 0 0 2 9 20 31 60 58 82 144 218 265 301 436 211 105 52 32 11 6 5 0 0 0 0 0 0 0 0 0 0 0 0 0 0 0 0 0  </fenetre>
<fenetre> 0 0 0 0 0 0 0 0 0 0 0 0 0 0 0 0 5 9 17 44 77 115 243 339 248 229 179 148 125 143 77 35 13 2 0 0 0 0 0 0 0 0 0 0 0 0 0 0 0 0 0  </fenetre>
<fenetre> 0 0 0 0 0 0 0 0 0 0 0 0 0 0 0 0 4 4 9 12 27 50 107 364 357 420 524 77 34 34 24 1 0 0 0 0 0 0 0 0 0 0 0 0 0 0 0 0 0 0 0  </fenetre>
<fenetre> 0 0 0 0 0 0 0 0 0 0 0 0 0 0 0 0 9 35 68 86 132 141 127 128 180 227 244 226 171 139 86 31 15 3 0 0 0 0 0 0 0 0 0 0 0 0 0 0 0 0 0  </fenetre>
<fenetre> 0 0 0 0 0 0 0 0 0 0 0 0 0 0 0 0 0 0 26 226 135 141 126 128 153 185 198 195 189 191 153 2 0 0 0 0 0 0 0 0 0 0 0 0 0 0 0 0 0 0 0  </fenetre>
<fenetre> 0 0 0 0 0 0 0 0 0 0 0 0 0 0 0 0 0 0 40 42 59 77 117 251 376 364 303 175 148 87 9 0 0 0 0 0 0 0 0 0 0 0 0 0 0 0 0 0 0 0 0  </fenetre>
<fenetre> 0 0 0 0 0 0 0 0 0 0 0 0 0 0 0 0 0 0 0 5 50 144 177 217 409 520 207 133 74 30 24 21 17 12 8 0 0 0 0 0 0 0 0 0 0 0 0 0 0 0 0  </fenetre>
<fenetre> 0 0 0 0 0 0 0 0 0 0 0 0 0 0 0 3 5 12 23 48 57 81 149 264 345 375 264 174 87 77 32 16 18 12 6 0 0 0 0 0 0 0 0 0 0 0 0 0 0 0 0  </fenetre>
<fenetre> 0 0 0 0 0 0 0 0 0 0 0 0 0 0 0 1 0 0 9 49 132 173 240 244 204 178 205 196 171 122 98 14 9 2 1 0 0 0 0 0 0 0 0 0 0 0 0 0 0 0 0  </fenetre>
<fenetre> 0 0 0 0 0 0 0 0 0 0 0 0 0 0 3 1 9 15 28 57 63 100 84 117 484 620 122 67 61 69 71 52 19 5 1 0 0 0 0 0 0 0 0 0 0 0 0 0 0 0 0  </fenetre>
<fenetre> 0 0 0 0 0 0 0 0 0 0 0 0 0 0 0 0 0 3 13 46 101 114 179 254 365 328 163 104 146 113 70 28 13 6 2 0 0 0 0 0 0 0 0 0 0 0 0 0 0 0 0  </fenetre>
<fenetre> 0 0 0 0 0 0 0 0 0 0 0 0 0 0 0 0 0 14 175 184 139 106 92 94 99 97 121 189 364 305 67 2 0 0 0 0 0 0 0 0 0 0 0 0 0 0 0 0 0 0 0  </fenetre>
<fenetre> 0 0 0 0 0 0 0 0 0 0 0 0 0 0 0 0 3 20 62 74 106 107 108 142 310 476 147 102 90 105 112 62 21 1 0 0 0 0 0 0 0 0 0 0 0 0 0 0 0 0 0  </fenetre>
<fenetre> 0 0 0 0 0 0 0 0 0 0 0 0 0 0 0 0 0 0 0 0 7 24 34 104 562 1118 122 43 23 10 1 0 0 0 0 0 0 0 0 0 0 0 0 0 0 0 0 0 0 0 0  </fenetre>
<fenetre> 0 0 0 0 0 0 0 0 0 0 0 0 0 0 0 0 0 0 0 0 0 0 2 120 836 910 173 7 0 0 0 0 0 0 0 0 0 0 0 0 0 0 0 0 0 0 0 0 0 0 0  </fenetre>
<fenetre> 0 0 0 0 0 0 0 0 0 0 0 0 0 0 0 0 0 0 0 0 0 0 2 111 853 911 168 3 0 0 0 0 0 0 0 0 0 0 0 0 0 0 0 0 0 0 0 0 0 0 0  </fenetre>
<fenetre> 0 0 0 0 0 0 0 0 0 0 0 0 0 0 0 0 0 0 0 0 0 0 0 7 732 1298 11 0 0 0 0 0 0 0 0 0 0 0 0 0 0 0 0 0 0 0 0 0 0 0 0  </fenetre>
<fenetre> 0 0 0 0 0 0 0 0 0 0 0 0 0 0 0 3 6 40 94 63 77 80 95 98 287 444 197 200 171 82 48 32 22 8 1 0 0 0 0 0 0 0 0 0 0 0 0 0 0 0 0  </fenetre>
<fenetre> 0 0 0 0 0 0 0 0 0 0 0 0 0 0 0 0 0 0 0 13 45 102 220 358 439 265 197 142 84 90 78 13 2 0 0 0 0 0 0 0 0 0 0 0 0 0 0 0 0 0 0  </fenetre>
<fenetre> 0 0 0 0 0 0 0 0 0 0 0 0 0 0 0 0 0 0 5 50 77 81 114 166 436 641 137 103 73 74 44 36 11 0 0 0 0 0 0 0 0 0 0 0 0 0 0 0 0 0 0  </fenetre>
<fenetre> 0 0 0 0 0 0 0 0 0 0 0 0 0 0 0 0 0 0 0 0 1 1 14 35 783 1149 46 16 2 1 0 0 0 0 0 0 0 0 0 0 0 0 0 0 0 0 0 0 0 0 0  </fenetre>
<fenetre> 0 0 0 0 0 0 0 0 0 0 0 0 0 0 0 0 0 1 32 110 104 192 228 203 180 207 158 181 132 92 97 113 17 1 0 0 0 0 0 0 0 0 0 0 0 0 0 0 0 0 0  </fenetre>
<fenetre> 0 0 0 0 0 0 0 0 0 0 0 0 0 0 0 0 8 49 60 54 82 92 129 165 198 257 326 333 193 88 14 0 0 0 0 0 0 0 0 0 0 0 0 0 0 0 0 0 0 0 0  </fenetre>
<fenetre> 0 0 0 0 0 0 0 0 0 0 0 0 0 0 0 5 3 11 17 43 93 100 172 211 238 320 315 288 157 50 21 4 0 0 0 0 0 0 0 0 0 0 0 0 0 0 0 0 0 0 0  </fenetre>
<fenetre> 0 0 0 0 0 0 0 0 0 0 0 0 0 0 1 3 9 13 32 42 34 60 113 213 466 502 236 108 62 38 38 34 23 15 5 1 0 0 0 0 0 0 0 0 0 0 0 0 0 0 0  </fenetre>
<fenetre> 0 0 0 0 0 0 0 0 0 0 0 0 0 1 2 3 5 22 41 81 111 147 175 170 205 209 242 263 174 95 60 28 11 2 1 0 0 0 0 0 0 0 0 0 0 0 0 0 0 0 0  </fenetre>
<fenetre> 0 0 0 0 0 0 0 0 0 0 0 0 0 0 0 8 14 25 80 88 101 129 120 125 126 173 322 355 195 98 59 23 7 0 0 0 0 0 0 0 0 0 0 0 0 0 0 0 0 0 0  </fenetre>
<fenetre> 0 0 0 0 0 0 0 0 0 0 0 0 0 0 0 0 0 0 3 56 156 152 195 289 209 167 179 266 183 75 63 47 8 0 0 0 0 0 0 0 0 0 0 0 0 0 0 0 0 0 0  </fenetre>
<fenetre> 0 0 0 0 0 0 0 0 0 0 0 0 0 0 0 0 1 19 25 24 49 73 101 252 283 483 431 206 72 20 9 0 0 0 0 0 0 0 0 0 0 0 0 0 0 0 0 0 0 0 0  </fenetre>
<fenetre> 0 0 0 0 0 0 0 0 0 0 0 0 0 0 0 0 12 26 39 30 63 124 164 240 287 317 238 171 122 99 70 35 11 0 0 0 0 0 0 0 0 0 0 0 0 0 0 0 0 0 0  </fenetre>
<fenetre> 0 0 0 0 0 0 0 0 0 0 0 0 0 0 0 0 0 4 19 27 33 63 158 251 433 459 282 156 74 43 23 18 5 0 0 0 0 0 0 0 0 0 0 0 0 0 0 0 0 0 0  </fenetre>
<fenetre> 0 0 0 0 0 0 0 0 0 0 0 0 0 0 0 3 2 9 9 7 9 19 18 85 701 990 100 31 14 13 9 9 11 8 1 0 0 0 0 0 0 0 0 0 0 0 0 0 0 0 0  </fenetre>
<fenetre> 0 0 0 0 0 0 0 0 0 0 0 0 0 0 0 0 0 0 7 92 186 251 212 202 187 160 106 103 116 128 166 120 12 0 0 0 0 0 0 0 0 0 0 0 0 0 0 0 0 0 0  </fenetre>
<fenetre> 0 0 0 0 0 0 0 0 0 0 0 0 0 0 0 0 0 0 0 29 115 107 194 258 329 316 230 199 109 64 68 29 1 0 0 0 0 0 0 0 0 0 0 0 0 0 0 0 0 0 0  </fenetre>
<fenetre> 0 0 0 0 0 0 0 0 0 0 0 0 0 0 1 1 4 8 27 64 100 118 144 249 319 269 220 164 134 116 64 26 9 7 4 0 0 0 0 0 0 0 0 0 0 0 0 0 0 0 0  </fenetre>
<fenetre> 0 0 0 0 0 0 0 0 0 0 0 0 0 0 0 0 0 0 0 1 0 142 253 349 287 270 339 212 149 42 3 0 1 0 0 0 0 0 0 0 0 0 0 0 0 0 0 0 0 0 0  </fenetre>
<fenetre> 0 0 0 0 0 0 0 0 0 0 0 0 0 0 3 3 11 22 22 100 159 180 223 181 146 140 148 164 202 138 97 67 27 15 0 0 0 0 0 0 0 0 0 0 0 0 0 0 0 0 0  </fenetre>
<fenetre> 0 0 0 0 0 0 0 0 0 0 0 0 0 0 0 0 0 1 10 106 183 133 225 239 135 135 236 226 117 100 74 81 46 1 0 0 0 0 0 0 0 0 0 0 0 0 0 0 0 0 0  </fenetre>
<fenetre> 0 0 0 0 0 0 0 0 0 0 0 0 0 0 0 0 0 0 0 0 0 35 126 146 477 955 112 137 60 0 0 0 0 0 0 0 0 0 0 0 0 0 0 0 0 0 0 0 0 0 0  </fenetre>
<fenetre> 0 0 0 0 0 0 0 0 0 0 0 0 0 0 0 0 0 0 0 0 0 0 0 1 814 1229 4 0 0 0 0 0 0 0 0 0 0 0 0 0 0 0 0 0 0 0 0 0 0 0 0  </fenetre>
<fenetre> 0 0 0 0 0 0 0 0 0 0 0 0 0 0 0 0 0 0 0 0 0 0 0 0 533 1515 0 0 0 0 0 0 0 0 0 0 0 0 0 0 0 0 0 0 0 0 0 0 0 0 0  </fenetre>
<fenetre> 0 0 0 0 0 0 0 0 0 0 0 0 0 0 0 0 0 0 0 0 17 52 126 277 491 559 312 127 65 22 0 0 0 0 0 0 0 0 0 0 0 0 0 0 0 0 0 0 0 0 0  </fenetre>
<fenetre> 0 0 0 0 0 0 0 0 0 0 0 0 0 0 0 0 0 0 20 47 85 152 193 254 323 301 192 114 104 111 76 48 22 6 0 0 0 0 0 0 0 0 0 0 0 0 0 0 0 0 0  </fenetre>
<fenetre> 0 0 0 0 0 0 0 0 0 0 0 0 0 0 0 2 5 10 81 143 131 105 122 126 166 197 239 232 273 161 41 11 2 1 0 0 0 0 0 0 0 0 0 0 0 0 0 0 0 0 0  </fenetre>
<fenetre> 0 0 0 0 0 0 0 0 0 0 0 0 0 0 0 0 11 28 34 46 75 82 115 167 239 429 407 226 90 40 39 18 2 0 0 0 0 0 0 0 0 0 0 0 0 0 0 0 0 0 0  </fenetre>
<fenetre> 0 0 0 0 0 0 0 0 0 0 0 0 0 0 0 0 0 0 0 0 0 0 0 0 674 1372 2 0 0 0 0 0 0 0 0 0 0 0 0 0 0 0 0 0 0 0 0 0 0 0 0  </fenetre>
<fenetre> 0 0 0 0 0 0 0 0 0 0 0 0 0 0 0 0 2 36 97 86 90 99 107 119 185 282 306 279 178 125 56 1 0 0 0 0 0 0 0 0 0 0 0 0 0 0 0 0 0 0 0  </fenetre>
<fenetre> 0 0 0 0 0 0 0 0 0 0 0 0 0 0 0 0 0 11 22 28 32 71 146 143 484 535 245 185 69 26 34 15 2 0 0 0 0 0 0 0 0 0 0 0 0 0 0 0 0 0 0  </fenetre>
<fenetre> 0 0 0 0 0 0 0 0 0 0 0 0 0 0 0 2 16 38 41 43 52 50 62 218 441 434 232 169 99 71 45 18 12 4 1 0 0 0 0 0 0 0 0 0 0 0 0 0 0 0 0  </fenetre>
<fenetre> 0 0 0 0 0 0 0 0 0 0 0 0 0 0 0 0 0 16 25 27 19 22 38 60 631 906 103 92 59 30 19 1 0 0 0 0 0 0 0 0 0 0 0 0 0 0 0 0 0 0 0  </fenetre>
<fenetre> 0 0 0 0 0 0 0 0 0 0 0 0 0 0 0 8 9 29 57 45 61 67 107 210 277 352 284 253 159 67 42 15 6 0 0 0 0 0 0 0 0 0 0 0 0 0 0 0 0 0 0  </fenetre>
<fenetre> 0 0 0 0 0 0 0 0 0 0 0 0 0 0 0 0 1 14 32 46 51 36 20 85 573 817 111 107 71 48 31 3 2 0 0 0 0 0 0 0 0 0 0 0 0 0 0 0 0 0 0  </fenetre>
<fenetre> 0 0 0 0 0 0 0 0 0 0 0 0 0 0 0 0 0 0 0 2 25 110 236 237 385 478 239 163 82 36 17 21 9 6 2 0 0 0 0 0 0 0 0 0 0 0 0 0 0 0 0  </fenetre>
<fenetre> 0 0 0 0 0 0 0 0 0 0 0 0 0 0 0 0 1 8 41 49 92 136 191 227 214 304 292 186 129 80 42 35 17 4 0 0 0 0 0 0 0 0 0 0 0 0 0 0 0 0 0  </fenetre>
<fenetre> 0 0 0 0 0 0 0 0 0 0 0 0 0 0 0 2 1 19 41 49 65 84 116 247 287 320 366 227 108 46 35 23 7 3 2 0 0 0 0 0 0 0 0 0 0 0 0 0 0 0 0  </fenetre>
<fenetre> 0 0 0 0 0 0 0 0 0 0 0 0 0 0 0 0 2 8 11 76 150 146 159 159 193 260 250 269 239 100 18 8 0 0 0 0 0 0 0 0 0 0 0 0 0 0 0 0 0 0 0  </fenetre>
<fenetre> 0 0 0 0 0 0 0 0 0 0 0 0 0 0 5 5 12 34 42 60 82 61 62 77 450 693 107 57 55 75 71 69 28 3 0 0 0 0 0 0 0 0 0 0 0 0 0 0 0 0 0  </fenetre>
<fenetre> 0 0 0 0 0 0 0 0 0 0 0 0 0 0 0 0 9 42 64 50 44 37 50 101 426 629 168 160 124 97 31 16 0 0 0 0 0 0 0 0 0 0 0 0 0 0 0 0 0 0 0  </fenetre>
<fenetre> 0 0 0 0 0 0 0 0 0 0 0 0 0 0 0 0 0 0 1 3 31 78 84 137 543 947 58 36 22 31 29 17 12 10 9 0 0 0 0 0 0 0 0 0 0 0 0 0 0 0 0  </fenetre>
<fenetre> 0 0 0 0 0 0 0 0 0 0 0 0 0 0 0 0 0 0 0 0 11 112 148 200 495 578 225 152 85 41 1 0 0 0 0 0 0 0 0 0 0 0 0 0 0 0 0 0 0 0 0  </fenetre>
<fenetre> 0 0 0 0 0 0 0 0 0 0 0 0 0 0 0 0 4 48 55 70 82 83 114 155 231 333 330 229 168 97 38 11 0 0 0 0 0 0 0 0 0 0 0 0 0 0 0 0 0 0 0  </fenetre>
<fenetre> 0 0 0 0 0 0 0 0 0 0 0 0 0 0 0 0 0 4 25 34 71 108 187 221 299 295 442 139 80 48 47 26 21 1 0 0 0 0 0 0 0 0 0 0 0 0 0 0 0 0 0  </fenetre>
<fenetre> 0 0 0 0 0 0 0 0 0 0 0 0 0 0 0 0 3 66 131 134 108 96 90 95 126 153 188 269 274 254 57 3 1 0 0 0 0 0 0 0 0 0 0 0 0 0 0 0 0 0 0  </fenetre>
<fenetre> 0 0 0 0 0 0 0 0 0 0 0 0 0 0 0 2 5 12 36 69 55 78 120 203 286 376 359 242 113 69 23 0 0 0 0 0 0 0 0 0 0 0 0 0 0 0 0 0 0 0 0  </fenetre>
<fenetre> 0 0 0 0 0 0 0 0 0 0 0 0 0 0 0 0 0 0 7 27 60 105 147 253 408 465 257 139 68 32 18 23 13 15 8 3 0 0 0 0 0 0 0 0 0 0 0 0 0 0 0  </fenetre>
<fenetre> 0 0 0 0 0 0 0 0 0 0 0 0 0 0 0 0 0 1 51 63 114 173 146 201 204 275 243 185 144 152 73 23 0 0 0 0 0 0 0 0 0 0 0 0 0 0 0 0 0 0 0  </fenetre>
<fenetre> 0 0 0 0 0 0 0 0 0 0 0 0 0 0 1 6 19 27 47 36 37 35 69 240 434 419 287 157 121 71 32 7 3 0 0 0 0 0 0 0 0 0 0 0 0 0 0 0 0 0 0  </fenetre>
<fenetre> 0 0 0 0 0 0 0 0 0 0 0 0 0 0 0 0 3 14 37 49 57 44 59 178 459 522 287 144 88 79 20 7 1 0 0 0 0 0 0 0 0 0 0 0 0 0 0 0 0 0 0  </fenetre>
<fenetre> 0 0 0 0 0 0 0 0 0 0 0 0 0 0 0 0 0 5 35 77 105 107 172 181 366 438 127 93 65 60 67 88 55 7 0 0 0 0 0 0 0 0 0 0 0 0 0 0 0 0 0  </fenetre>
<fenetre> 0 0 0 0 0 0 0 0 0 0 0 0 0 0 0 0 1 3 29 20 67 86 117 221 407 500 228 125 97 83 50 11 3 0 0 0 0 0 0 0 0 0 0 0 0 0 0 0 0 0 0  </fenetre>
<fenetre> 0 0 0 0 0 0 0 0 0 0 0 0 0 0 0 0 7 22 36 42 60 126 151 212 260 343 272 243 157 68 32 13 4 0 0 0 0 0 0 0 0 0 0 0 0 0 0 0 0 0 0  </fenetre>
<fenetre> 0 0 0 0 0 0 0 0 0 0 0 0 0 0 0 0 0 0 0 13 52 124 291 283 274 306 291 182 103 40 39 32 17 1 0 0 0 0 0 0 0 0 0 0 0 0 0 0 0 0 0  </fenetre>
<fenetre> 0 0 0 0 0 0 0 0 0 0 0 0 0 0 0 0 10 34 74 60 47 37 175 222 313 260 213 254 191 104 40 13 1 0 0 0 0 0 0 0 0 0 0 0 0 0 0 0 0 0 0  </fenetre>
<fenetre> 0 0 0 0 0 0 0 0 0 0 0 0 0 0 0 0 0 42 64 118 103 120 164 196 179 178 238 194 119 115 103 90 25 0 0 0 0 0 0 0 0 0 0 0 0 0 0 0 0 0 0  </fenetre>
<fenetre> 0 0 0 0 0 0 0 0 0 0 0 0 0 0 0 0 0 0 0 0 0 0 0 11 895 1103 39 0 0 0 0 0 0 0 0 0 0 0 0 0 0 0 0 0 0 0 0 0 0 0 0  </fenetre>
<fenetre> 0 0 0 0 0 0 0 0 0 0 0 0 0 0 0 0 0 0 0 0 0 0 0 2 763 1273 10 0 0 0 0 0 0 0 0 0 0 0 0 0 0 0 0 0 0 0 0 0 0 0 0  </fenetre>
<fenetre> 0 0 0 0 0 0 0 0 0 0 0 0 0 0 0 0 0 0 0 0 4 3 10 26 160 1794 28 14 7 2 0 0 0 0 0 0 0 0 0 0 0 0 0 0 0 0 0 0 0 0 0  </fenetre>
<fenetre> 0 0 0 0 0 0 0 0 0 0 0 0 0 0 0 4 8 7 11 41 127 154 168 203 348 251 162 127 170 171 59 24 7 6 0 0 0 0 0 0 0 0 0 0 0 0 0 0 0 0 0  </fenetre>
<fenetre> 0 0 0 0 0 0 0 0 0 0 0 0 0 0 0 0 0 0 0 0 9 18 45 131 569 1064 131 59 21 0 1 0 0 0 0 0 0 0 0 0 0 0 0 0 0 0 0 0 0 0 0  </fenetre>
<fenetre> 0 0 0 0 0 0 0 0 0 0 0 0 0 0 0 0 0 0 5 63 132 145 136 193 389 326 184 115 122 105 64 36 24 9 0 0 0 0 0 0 0 0 0 0 0 0 0 0 0 0 0  </fenetre>
<fenetre> 0 0 0 0 0 0 0 0 0 0 0 0 0 0 0 0 1 7 19 97 193 133 144 161 179 212 222 218 271 94 55 34 8 0 0 0 0 0 0 0 0 0 0 0 0 0 0 0 0 0 0  </fenetre>
<fenetre> 0 0 0 0 0 0 0 0 0 0 0 0 0 0 0 4 5 14 36 102 65 64 141 196 343 299 257 231 112 118 48 9 4 0 0 0 0 0 0 0 0 0 0 0 0 0 0 0 0 0 0  </fenetre>
<fenetre> 0 0 0 0 0 0 0 0 0 0 0 0 0 0 0 0 0 0 3 7 19 126 279 336 247 323 295 195 101 55 37 18 6 1 0 0 0 0 0 0 0 0 0 0 0 0 0 0 0 0 0  </fenetre>
<fenetre> 0 0 0 0 0 0 0 0 0 0 0 0 0 0 0 0 0 0 0 3 23 85 160 281 434 420 341 204 73 23 1 0 0 0 0 0 0 0 0 0 0 0 0 0 0 0 0 0 0 0 0  </fenetre>
<fenetre> 0 0 0 0 0 0 0 0 0 0 0 0 0 0 0 0 0 0 16 55 134 117 132 175 334 387 228 177 127 108 48 6 4 0 0 0 0 0 0 0 0 0 0 0 0 0 0 0 0 0 0  </fenetre>
<fenetre> 0 0 0 0 0 0 0 0 0 0 0 0 0 0 0 1 17 28 45 81 60 90 129 181 288 293 281 206 145 111 82 10 0 0 0 0 0 0 0 0 0 0 0 0 0 0 0 0 0 0 0  </fenetre>
<fenetre> 0 0 0 0 0 0 0 0 0 0 0 0 0 0 0 0 0 0 5 45 90 142 122 246 330 281 294 212 195 81 5 0 0 0 0 0 0 0 0 0 0 0 0 0 0 0 0 0 0 0 0  </fenetre>
<fenetre> 0 0 0 0 0 0 0 0 0 0 0 0 0 0 0 0 1 9 19 31 50 100 184 226 391 389 270 165 97 47 21 16 16 9 3 2 2 0 0 0 0 0 0 0 0 0 0 0 0 0 0  </fenetre>
<fenetre> 0 0 0 0 0 0 0 0 0 0 0 0 0 0 1 5 17 66 67 86 137 132 123 126 128 169 207 253 218 163 124 23 3 0 0 0 0 0 0 0 0 0 0 0 0 0 0 0 0 0 0  </fenetre>
<fenetre> 0 0 0 0 0 0 0 0 0 0 0 0 0 0 0 0 1 4 15 8 12 34 50 111 634 936 102 56 46 20 2 3 9 4 1 0 0 0 0 0 0 0 0 0 0 0 0 0 0 0 0  </fenetre>
<fenetre> 0 0 0 0 0 0 0 0 0 0 0 0 0 0 0 0 1 3 11 14 20 39 66 126 509 941 148 72 44 21 23 9 1 0 0 0 0 0 0 0 0 0 0 0 0 0 0 0 0 0 0  </fenetre>
<fenetre> 0 0 0 0 0 0 0 0 0 0 0 0 0 0 0 0 0 0 0 0 4 22 66 128 645 898 209 54 13 6 3 0 0 0 0 0 0 0 0 0 0 0 0 0 0 0 0 0 0 0 0  </fenetre>
<fenetre> 0 0 0 0 0 0 0 0 0 0 0 0 0 0 0 0 0 0 0 0 0 0 0 12 845 1156 35 0 0 0 0 0 0 0 0 0 0 0 0 0 0 0 0 0 0 0 0 0 0 0 0  </fenetre>
<fenetre> 0 0 0 0 0 0 0 0 0 0 0 0 0 0 0 0 0 0 0 0 0 0 3 63 854 1022 100 6 0 0 0 0 0 0 0 0 0 0 0 0 0 0 0 0 0 0 0 0 0 0 0  </fenetre>
<fenetre> 0 0 0 0 0 0 0 0 0 0 0 0 0 0 0 0 0 0 0 0 0 0 0 0 842 1201 5 0 0 0 0 0 0 0 0 0 0 0 0 0 0 0 0 0 0 0 0 0 0 0 0  </fenetre>
<fenetre> 0 0 0 0 0 0 0 0 0 0 0 0 3 1 12 15 16 26 54 58 106 121 161 170 248 305 158 155 109 90 68 60 44 25 15 18 6 4 0 0 0 0 0 0 0 0 0 0 0 0 0  </fenetre>
<fenetre> 0 0 0 0 0 0 0 0 0 0 0 0 0 0 0 6 14 40 76 79 124 199 190 179 170 164 157 133 152 115 113 62 41 21 6 6 1 0 0 0 0 0 0 0 0 0 0 0 0 0 0  </fenetre>
<fenetre> 0 0 0 0 0 0 0 0 0 0 0 0 0 0 4 4 17 17 34 47 93 157 208 232 218 206 189 170 159 105 103 45 19 8 8 3 2 0 0 0 0 0 0 0 0 0 0 0 0 0 0  </fenetre>
<fenetre> 0 0 0 0 0 0 0 0 0 0 0 0 0 1 0 2 6 12 27 44 91 145 183 221 260 259 249 202 146 101 46 28 20 3 1 1 0 0 0 0 0 0 0 0 0 0 0 0 0 0 0  </fenetre>
<fenetre> 0 0 0 0 0 0 0 0 0 0 0 0 0 0 0 3 10 16 42 58 114 135 163 201 238 234 219 200 175 102 65 48 13 9 2 1 0 0 0 0 0 0 0 0 0 0 0 0 0 0 0  </fenetre>
<fenetre> 0 0 0 0 0 0 0 0 0 0 0 0 0 0 1 3 8 26 48 87 114 163 178 168 208 228 221 182 138 111 67 48 30 12 6 1 0 0 0 0 0 0 0 0 0 0 0 0 0 0 0  </fenetre>
<fenetre> 0 0 0 0 0 0 0 0 0 0 0 1 1 4 3 5 8 38 54 83 88 123 146 188 209 237 242 214 170 89 80 44 16 4 1 0 0 0 0 0 0 0 0 0 0 0 0 0 0 0 0  </fenetre>
<fenetre> 0 0 0 0 0 0 0 0 0 0 0 0 0 0 1 9 17 24 51 96 110 120 137 178 209 204 221 200 162 136 79 59 22 9 4 0 0 0 0 0 0 0 0 0 0 0 0 0 0 0 0  </fenetre>
<fenetre> 0 0 0 0 0 0 0 0 0 0 0 0 0 1 4 11 23 41 55 97 115 115 150 163 173 214 224 173 158 134 96 50 39 11 1 0 0 0 0 0 0 0 0 0 0 0 0 0 0 0 0  </fenetre>
<fenetre> 0 0 0 0 0 0 0 0 0 0 0 0 0 0 0 0 4 6 22 57 92 145 214 263 267 245 184 182 147 88 75 37 13 4 3 0 0 0 0 0 0 0 0 0 0 0 0 0 0 0 0  </fenetre>
<fenetre> 0 0 0 0 0 0 0 0 0 0 0 0 0 0 0 0 2 6 17 50 127 159 181 214 251 246 223 202 144 84 69 41 24 8 0 0 0 0 0 0 0 0 0 0 0 0 0 0 0 0 0  </fenetre>
<fenetre> 0 0 0 0 0 0 0 0 0 0 0 0 0 0 0 0 0 1 18 45 112 156 228 230 264 248 230 179 124 81 67 40 17 6 2 0 0 0 0 0 0 0 0 0 0 0 0 0 0 0 0  </fenetre>
<fenetre> 0 0 0 0 0 0 0 0 0 0 0 0 0 0 0 0 2 4 16 39 88 143 218 251 268 270 232 189 142 85 58 28 15 0 0 0 0 0 0 0 0 0 0 0 0 0 0 0 0 0 0  </fenetre>
<fenetre> 0 0 0 0 0 0 0 0 0 0 0 0 0 0 0 1 4 8 24 56 110 152 169 212 227 259 243 236 149 90 49 34 14 8 3 0 0 0 0 0 0 0 0 0 0 0 0 0 0 0 0  </fenetre>
<fenetre> 0 0 0 0 0 0 0 0 0 0 0 0 0 0 0 0 1 16 22 62 129 193 237 217 216 217 158 152 145 118 82 42 27 8 5 1 0 0 0 0 0 0 0 0 0 0 0 0 0 0 0  </fenetre>
<fenetre> 0 0 0 0 0 0 0 0 0 0 0 0 0 0 0 0 2 10 40 61 146 177 193 196 220 229 172 119 137 138 99 59 35 10 5 0 0 0 0 0 0 0 0 0 0 0 0 0 0 0 0  </fenetre>
<fenetre> 0 0 0 0 0 0 0 0 0 0 0 0 0 0 0 0 1 10 37 73 120 148 199 211 258 242 204 143 125 95 65 44 44 16 10 3 0 0 0 0 0 0 0 0 0 0 0 0 0 0 0  </fenetre>
<fenetre> 0 0 0 0 0 0 0 0 0 0 0 0 0 0 0 0 0 0 21 73 112 159 199 280 306 297 177 104 65 52 41 62 44 36 17 3 0 0 0 0 0 0 0 0 0 0 0 0 0 0 0  </fenetre>
<fenetre> 0 0 0 0 0 0 0 0 0 0 0 0 0 0 0 0 0 6 26 68 91 95 167 264 350 314 200 137 93 56 39 52 46 29 13 2 0 0 0 0 0 0 0 0 0 0 0 0 0 0 0  </fenetre>
<fenetre> 0 0 0 0 0 0 0 0 0 0 0 0 0 0 0 0 0 17 53 80 90 87 108 168 291 379 318 212 92 63 38 32 13 6 1 0 0 0 0 0 0 0 0 0 0 0 0 0 0 0 0  </fenetre>
<fenetre> 0 0 0 0 0 0 0 0 0 0 0 0 0 0 0 0 0 16 47 78 85 102 152 235 243 275 248 228 163 84 65 23 4 0 0 0 0 0 0 0 0 0 0 0 0 0 0 0 0 0 0  </fenetre>
<fenetre> 0 0 0 0 0 0 0 0 0 0 0 0 0 0 0 0 0 1 20 90 106 173 172 176 201 261 273 261 101 87 67 36 23 0 0 0 0 0 0 0 0 0 0 0 0 0 0 0 0 0 0  </fenetre>
<fenetre> 0 0 0 0 0 0 0 0 0 0 0 0 0 0 0 0 0 1 31 78 83 217 200 221 203 236 231 176 120 85 85 58 23 0 0 0 0 0 0 0 0 0 0 0 0 0 0 0 0 0 0  </fenetre>
<fenetre> 0 0 0 0 0 0 0 0 0 0 0 0 1 3 6 3 7 12 37 62 154 183 177 191 161 188 196 180 157 135 98 53 18 13 4 5 4 0 0 0 0 0 0 0 0 0 0 0 0 0 0  </fenetre>
<fenetre> 0 0 0 0 0 0 0 0 0 0 0 0 0 0 0 0 2 5 25 57 126 158 173 239 268 208 235 178 125 99 78 49 14 8 1 0 0 0 0 0 0 0 0 0 0 0 0 0 0 0 0  </fenetre>
<fenetre> 0 0 0 0 0 0 0 0 0 0 0 0 0 0 2 2 5 4 13 39 61 105 208 316 325 255 224 195 130 85 53 14 7 4 1 0 0 0 0 0 0 0 0 0 0 0 0 0 0 0 0  </fenetre>
<fenetre> 0 0 0 0 0 0 0 0 0 0 0 0 0 0 0 0 0 2 7 27 74 126 174 250 343 374 252 151 110 77 57 21 3 0 0 0 0 0 0 0 0 0 0 0 0 0 0 0 0 0 0  </fenetre>
<fenetre> 0 0 0 0 0 0 0 0 0 0 0 0 0 0 0 0 0 1 7 18 31 39 69 249 541 644 250 100 42 35 19 3 0 0 0 0 0 0 0 0 0 0 0 0 0 0 0 0 0 0 0  </fenetre>
<fenetre> 0 0 0 0 0 0 0 0 0 0 0 0 0 0 0 0 0 0 13 34 53 85 131 242 447 429 272 133 89 83 36 1 0 0 0 0 0 0 0 0 0 0 0 0 0 0 0 0 0 0 0  </fenetre>
<fenetre> 0 0 0 0 0 0 0 0 0 0 0 0 0 0 0 0 0 0 1 32 63 59 80 123 517 802 133 73 62 55 45 3 0 0 0 0 0 0 0 0 0 0 0 0 0 0 0 0 0 0 0  </fenetre>
<fenetre> 0 0 0 0 0 0 0 0 0 0 0 0 0 0 0 0 0 0 23 86 103 152 212 244 233 220 183 174 135 124 92 43 19 5 0 0 0 0 0 0 0 0 0 0 0 0 0 0 0 0 0  </fenetre>
<fenetre> 0 0 0 0 0 0 0 0 0 0 0 0 0 0 0 0 0 0 1 7 23 27 73 192 603 766 199 94 33 21 9 0 0 0 0 0 0 0 0 0 0 0 0 0 0 0 0 0 0 0 0  </fenetre>
<fenetre> 0 0 0 0 0 0 0 0 0 0 0 0 0 0 0 1 4 14 36 49 56 82 90 128 473 667 132 72 69 64 36 36 23 13 3 0 0 0 0 0 0 0 0 0 0 0 0 0 0 0 0  </fenetre>
<fenetre> 0 0 0 0 0 0 0 0 0 0 0 0 0 0 0 0 0 6 24 90 111 129 149 187 352 373 126 87 114 120 114 47 16 3 0 0 0 0 0 0 0 0 0 0 0 0 0 0 0 0 0  </fenetre>
<fenetre> 0 0 0 0 0 0 0 0 0 0 0 0 0 0 0 0 0 6 18 46 115 191 237 214 214 252 239 123 98 128 110 35 10 8 3 1 0 0 0 0 0 0 0 0 0 0 0 0 0 0 0  </fenetre>
<fenetre> 0 0 0 0 0 0 0 0 0 0 0 0 0 0 0 0 0 0 8 23 35 106 194 392 334 262 222 194 136 95 45 2 0 0 0 0 0 0 0 0 0 0 0 0 0 0 0 0 0 0 0  </fenetre>
<fenetre> 0 0 0 0 0 0 0 0 0 0 0 0 0 0 0 0 0 0 0 8 29 93 215 267 424 425 175 219 125 60 8 0 0 0 0 0 0 0 0 0 0 0 0 0 0 0 0 0 0 0 0  </fenetre>
<fenetre> 0 0 0 0 0 0 0 0 0 0 0 0 0 0 0 0 0 0 0 5 21 81 140 163 539 636 216 129 89 24 5 0 0 0 0 0 0 0 0 0 0 0 0 0 0 0 0 0 0 0 0  </fenetre>
<fenetre> 0 0 0 0 0 0 0 0 0 0 0 0 0 0 0 0 3 32 52 45 49 70 145 233 288 363 299 211 104 81 54 17 2 0 0 0 0 0 0 0 0 0 0 0 0 0 0 0 0 0 0  </fenetre>
<fenetre> 0 0 0 0 0 0 0 0 0 0 0 0 0 0 0 0 0 0 0 0 0 2 38 128 786 846 198 37 9 4 0 0 0 0 0 0 0 0 0 0 0 0 0 0 0 0 0 0 0 0 0  </fenetre>
<fenetre> 0 0 0 0 0 0 0 0 0 0 0 0 0 0 0 0 0 0 5 26 85 215 318 261 204 181 196 149 122 104 103 76 3 0 0 0 0 0 0 0 0 0 0 0 0 0 0 0 0 0 0  </fenetre>
<fenetre> 0 0 0 0 0 0 0 0 0 0 0 0 0 0 0 0 0 1 5 28 42 75 124 186 560 669 126 59 43 25 28 40 22 6 5 4 0 0 0 0 0 0 0 0 0 0 0 0 0 0 0  </fenetre>
<fenetre> 0 0 0 0 0 0 0 0 0 0 0 0 0 0 0 0 0 0 17 66 163 333 199 165 171 138 152 127 136 126 83 74 86 12 0 0 0 0 0 0 0 0 0 0 0 0 0 0 0 0 0  </fenetre>
<fenetre> 0 0 0 0 0 0 0 0 0 0 0 0 0 0 0 0 0 0 5 85 239 179 148 124 268 342 117 89 85 85 90 125 67 0 0 0 0 0 0 0 0 0 0 0 0 0 0 0 0 0 0  </fenetre>
<fenetre> 0 0 0 0 0 0 0 0 0 0 0 0 0 0 1 0 0 4 13 39 78 74 99 125 498 682 109 81 97 79 42 21 5 1 0 0 0 0 0 0 0 0 0 0 0 0 0 0 0 0 0  </fenetre>
<fenetre> 0 0 0 0 0 0 0 0 0 0 0 0 0 0 0 0 0 0 0 0 2 23 83 199 663 777 169 85 43 4 0 0 0 0 0 0 0 0 0 0 0 0 0 0 0 0 0 0 0 0 0  </fenetre>
<fenetre> 0 0 0 0 0 0 0 0 0 0 0 0 0 0 0 0 2 5 40 109 166 168 145 149 229 265 184 118 97 134 137 83 15 2 0 0 0 0 0 0 0 0 0 0 0 0 0 0 0 0 0  </fenetre>
<fenetre> 0 0 0 0 0 0 0 0 0 0 0 0 0 0 0 0 5 13 36 50 77 117 237 291 292 223 124 151 121 116 101 61 26 7 0 0 0 0 0 0 0 0 0 0 0 0 0 0 0 0 0  </fenetre>
<fenetre> 0 0 0 0 0 0 0 0 0 0 0 0 0 0 0 0 0 0 4 178 314 185 175 129 117 114 113 95 107 126 153 223 15 0 0 0 0 0 0 0 0 0 0 0 0 0 0 0 0 0 0  </fenetre>
<fenetre> 0 0 0 0 0 0 0 0 0 0 0 0 0 0 0 0 0 6 70 157 125 131 137 136 199 216 232 157 133 118 136 91 4 0 0 0 0 0 0 0 0 0 0 0 0 0 0 0 0 0 0  </fenetre>
<fenetre> 0 0 0 0 0 0 0 0 0 0 0 0 0 0 0 0 0 1 15 43 77 105 175 286 349 290 269 178 112 69 33 20 18 8 0 0 0 0 0 0 0 0 0 0 0 0 0 0 0 0 0  </fenetre>
<fenetre> 0 0 0 0 0 0 0 0 0 0 0 0 0 0 0 0 0 0 0 41 81 152 180 209 380 390 180 132 99 96 61 39 8 0 0 0 0 0 0 0 0 0 0 0 0 0 0 0 0 0 0  </fenetre>
<fenetre> 0 0 0 0 0 0 0 0 0 0 0 0 0 0 0 0 0 5 24 39 87 162 265 249 276 228 181 146 124 103 51 51 35 21 1 0 0 0 0 0 0 0 0 0 0 0 0 0 0 0 0  </fenetre>
<fenetre> 0 0 0 0 0 0 0 0 0 0 0 0 0 0 0 0 4 24 32 41 56 111 201 200 251 301 332 270 97 48 39 37 4 0 0 0 0 0 0 0 0 0 0 0 0 0 0 0 0 0 0  </fenetre>
<fenetre> 0 0 0 0 0 0 0 0 0 0 0 0 0 0 0 0 0 0 2 23 61 88 167 217 460 412 306 150 64 36 32 29 1 0 0 0 0 0 0 0 0 0 0 0 0 0 0 0 0 0 0  </fenetre>
<fenetre> 0 0 0 0 0 0 0 0 0 0 0 0 0 0 0 0 0 0 0 0 0 14 120 177 525 826 308 78 0 0 0 0 0 0 0 0 0 0 0 0 0 0 0 0 0 0 0 0 0 0 0  </fenetre>
<fenetre> 0 0 0 0 0 0 0 0 0 0 0 0 0 0 0 0 6 36 26 27 54 146 235 258 192 258 303 158 117 109 80 40 3 0 0 0 0 0 0 0 0 0 0 0 0 0 0 0 0 0 0  </fenetre>
<fenetre> 0 0 0 0 0 0 0 0 0 0 0 0 0 0 0 0 0 16 64 84 121 171 150 166 143 191 204 299 288 92 53 6 0 0 0 0 0 0 0 0 0 0 0 0 0 0 0 0 0 0 0  </fenetre>
<fenetre> 0 0 0 0 0 0 0 0 0 0 0 0 0 0 0 0 0 5 7 15 27 105 251 338 368 317 241 111 74 56 65 41 19 8 0 0 0 0 0 0 0 0 0 0 0 0 0 0 0 0 0  </fenetre>
<fenetre> 0 0 0 0 0 0 0 0 0 0 0 0 0 0 0 0 0 0 5 33 80 123 190 234 296 345 349 173 100 60 43 14 3 0 0 0 0 0 0 0 0 0 0 0 0 0 0 0 0 0 0  </fenetre>
<fenetre> 0 0 0 0 0 0 0 0 0 0 0 0 0 0 0 0 0 4 10 39 81 98 153 322 350 304 259 172 109 63 28 26 17 10 3 0 0 0 0 0 0 0 0 0 0 0 0 0 0 0 0  </fenetre>
<fenetre> 0 0 0 0 0 0 0 0 0 0 0 0 0 0 0 0 0 0 0 1 27 47 177 318 425 437 336 187 45 28 20 0 0 0 0 0 0 0 0 0 0 0 0 0 0 0 0 0 0 0 0  </fenetre>
<fenetre> 0 0 0 0 0 0 0 0 0 0 0 0 0 0 0 0 0 0 0 12 74 212 284 272 312 260 158 115 70 87 90 81 20 1 0 0 0 0 0 0 0 0 0 0 0 0 0 0 0 0 0  </fenetre>
<fenetre> 0 0 0 0 0 0 0 0 0 0 0 0 0 0 0 0 0 0 0 7 24 46 117 299 536 523 256 139 24 39 32 6 0 0 0 0 0 0 0 0 0 0 0 0 0 0 0 0 0 0 0  </fenetre>
<fenetre> 0 0 0 0 0 0 0 0 0 0 0 0 0 0 0 0 0 37 40 66 150 152 144 163 182 198 203 236 257 183 31 6 0 0 0 0 0 0 0 0 0 0 0 0 0 0 0 0 0 0 0  </fenetre>
<fenetre> 0 0 0 0 0 0 0 0 0 0 0 0 0 0 0 0 0 1 55 65 89 171 190 212 215 190 175 219 262 140 53 10 1 0 0 0 0 0 0 0 0 0 0 0 0 0 0 0 0 0 0  </fenetre>
<fenetre> 0 0 0 0 0 0 0 0 0 0 0 0 0 0 0 0 0 0 2 34 69 123 204 280 351 328 244 182 78 52 42 37 17 5 0 0 0 0 0 0 0 0 0 0 0 0 0 0 0 0 0  </fenetre>
<fenetre> 0 0 0 0 0 0 0 0 0 0 0 0 0 0 0 0 2 13 40 83 132 114 111 160 294 262 248 274 125 80 74 30 6 0 0 0 0 0 0 0 0 0 0 0 0 0 0 0 0 0 0  </fenetre>
<fenetre> 0 0 0 0 0 0 0 0 0 0 0 0 0 0 0 0 0 8 38 108 116 106 121 176 239 304 227 211 259 72 38 24 1 0 0 0 0 0 0 0 0 0 0 0 0 0 0 0 0 0 0  </fenetre>
<fenetre> 0 0 0 0 0 0 0 0 0 0 0 0 0 0 0 5 11 30 35 36 30 32 52 81 557 651 215 130 105 52 20 6 0 0 0 0 0 0 0 0 0 0 0 0 0 0 0 0 0 0 0  </fenetre>
<fenetre> 0 0 0 0 0 0 0 0 0 0 0 0 0 0 0 0 16 21 35 22 25 35 86 270 399 526 329 116 64 60 26 12 3 3 0 0 0 0 0 0 0 0 0 0 0 0 0 0 0 0 0  </fenetre>
<fenetre> 0 0 0 0 0 0 0 0 0 0 0 0 0 0 0 0 0 5 13 16 44 78 119 145 542 632 195 92 67 38 24 24 12 2 0 0 0 0 0 0 0 0 0 0 0 0 0 0 0 0 0  </fenetre>
<fenetre> 0 0 0 0 0 0 0 0 0 0 0 0 0 0 0 0 0 0 2 30 35 87 133 249 432 487 268 164 90 49 22 0 0 0 0 0 0 0 0 0 0 0 0 0 0 0 0 0 0 0 0  </fenetre>
<fenetre> 0 0 0 0 0 0 0 0 0 0 0 0 0 0 0 0 0 0 0 5 35 101 174 179 505 667 116 67 64 53 40 16 9 10 5 2 0 0 0 0 0 0 0 0 0 0 0 0 0 0 0  </fenetre>
<fenetre> 0 0 0 0 0 0 0 0 0 0 0 0 0 0 0 0 2 35 43 82 139 118 113 131 160 227 346 306 204 111 28 3 0 0 0 0 0 0 0 0 0 0 0 0 0 0 0 0 0 0 0  </fenetre>
<fenetre> 0 0 0 0 0 0 0 0 0 0 0 0 1 1 0 8 11 32 46 59 106 127 149 194 217 229 199 257 177 132 55 33 13 2 0 0 0 0 0 0 0 0 0 0 0 0 0 0 0 0 0  </fenetre>
<fenetre> 0 0 0 0 0 0 0 0 0 0 0 0 0 0 0 0 0 0 0 2 4 13 36 96 628 1089 106 41 12 10 2 2 3 3 1 0 0 0 0 0 0 0 0 0 0 0 0 0 0 0 0  </fenetre>
<fenetre> 0 0 0 0 0 0 0 0 0 0 0 0 0 0 0 0 0 0 38 131 130 165 254 259 223 141 96 101 85 115 102 140 55 13 0 0 0 0 0 0 0 0 0 0 0 0 0 0 0 0 0  </fenetre>
<fenetre> 0 0 0 0 0 0 0 0 0 0 0 0 0 0 0 0 0 0 7 84 185 229 200 230 199 139 110 110 124 165 145 107 14 0 0 0 0 0 0 0 0 0 0 0 0 0 0 0 0 0 0  </fenetre>
<fenetre> 0 0 0 0 0 0 0 0 0 0 0 0 0 0 0 0 0 0 6 59 114 137 185 259 232 249 320 159 120 138 62 8 0 0 0 0 0 0 0 0 0 0 0 0 0 0 0 0 0 0 0  </fenetre>
<fenetre> 0 0 0 0 0 0 0 0 0 0 0 0 0 0 0 0 0 0 0 15 66 131 207 237 360 380 297 128 109 36 25 22 17 13 5 0 0 0 0 0 0 0 0 0 0 0 0 0 0 0 0  </fenetre>
<fenetre> 0 0 0 0 0 0 0 0 0 0 0 0 0 0 0 0 0 0 0 72 193 144 140 135 304 420 128 105 104 116 137 50 0 0 0 0 0 0 0 0 0 0 0 0 0 0 0 0 0 0 0  </fenetre>
<fenetre> 0 0 0 0 0 0 0 0 0 0 0 0 0 0 0 0 0 1 6 23 52 70 105 184 516 697 115 82 73 64 32 19 9 0 0 0 0 0 0 0 0 0 0 0 0 0 0 0 0 0 0  </fenetre>
<fenetre> 0 0 0 0 0 0 0 0 0 0 0 0 0 0 0 0 0 0 0 0 0 1 12 155 741 946 130 45 18 0 0 0 0 0 0 0 0 0 0 0 0 0 0 0 0 0 0 0 0 0 0  </fenetre>
<fenetre> 0 0 0 0 0 0 0 0 0 0 0 0 0 0 0 0 0 0 0 5 29 66 121 287 586 500 232 56 51 50 50 15 0 0 0 0 0 0 0 0 0 0 0 0 0 0 0 0 0 0 0  </fenetre>
<fenetre> 0 0 0 0 0 0 0 0 0 0 0 0 0 0 0 0 0 0 0 46 173 159 180 228 232 237 284 172 85 76 77 58 32 9 0 0 0 0 0 0 0 0 0 0 0 0 0 0 0 0 0  </fenetre>
<fenetre> 0 0 0 0 0 0 0 0 0 0 0 0 0 0 0 0 0 4 46 35 36 31 49 112 614 765 131 61 55 54 37 12 6 0 0 0 0 0 0 0 0 0 0 0 0 0 0 0 0 0 0  </fenetre>
<fenetre> 0 0 0 0 0 0 0 0 0 0 0 0 0 0 0 0 0 0 6 43 51 67 157 372 283 443 257 161 86 56 26 15 15 10 0 0 0 0 0 0 0 0 0 0 0 0 0 0 0 0 0  </fenetre>
<fenetre> 0 0 0 0 0 0 0 0 0 0 0 0 0 0 0 0 0 0 8 38 75 145 269 243 233 261 252 204 193 74 23 20 10 0 0 0 0 0 0 0 0 0 0 0 0 0 0 0 0 0 0  </fenetre>
<fenetre> 0 0 0 0 0 0 0 0 0 0 0 0 0 0 0 0 0 0 0 16 33 78 119 184 533 666 182 74 61 42 33 21 6 0 0 0 0 0 0 0 0 0 0 0 0 0 0 0 0 0 0  </fenetre>
<fenetre> 0 0 0 0 0 0 0 0 0 0 0 0 0 0 0 1 9 25 29 48 49 91 198 217 288 354 304 140 119 83 60 27 6 0 0 0 0 0 0 0 0 0 0 0 0 0 0 0 0 0 0  </fenetre>
<fenetre> 0 0 0 0 0 0 0 0 0 0 0 0 0 0 0 0 0 0 0 0 0 14 46 56 511 1283 63 49 17 9 0 0 0 0 0 0 0 0 0 0 0 0 0 0 0 0 0 0 0 0 0  </fenetre>
<fenetre> 0 0 0 0 0 0 0 0 0 0 0 0 0 0 0 1 3 12 27 44 47 67 108 163 532 555 143 120 68 58 49 32 15 4 0 0 0 0 0 0 0 0 0 0 0 0 0 0 0 0 0  </fenetre>
<fenetre> 0 0 0 0 0 0 0 0 0 0 0 0 0 0 0 1 5 17 41 44 53 66 100 199 422 535 235 99 60 51 43 51 20 5 1 0 0 0 0 0 0 0 0 0 0 0 0 0 0 0 0  </fenetre>
<fenetre> 0 0 0 0 0 0 0 0 0 0 0 0 0 0 1 2 0 8 8 27 22 62 110 289 462 477 304 137 51 23 26 16 22 1 0 0 0 0 0 0 0 0 0 0 0 0 0 0 0 0 0  </fenetre>
<fenetre> 0 0 0 0 0 0 0 0 0 0 0 0 0 0 0 1 11 27 96 141 124 135 151 153 145 173 161 152 205 170 111 55 27 10 0 0 0 0 0 0 0 0 0 0 0 0 0 0 0 0 0  </fenetre>
<fenetre> 0 0 0 0 0 0 0 0 0 0 0 0 0 0 0 0 0 0 0 10 58 149 216 345 377 264 186 127 80 91 85 38 19 3 0 0 0 0 0 0 0 0 0 0 0 0 0 0 0 0 0  </fenetre>
<fenetre> 0 0 0 0 0 0 0 0 0 0 0 0 0 0 0 0 0 1 8 43 102 104 91 152 386 705 119 86 68 64 84 31 4 0 0 0 0 0 0 0 0 0 0 0 0 0 0 0 0 0 0  </fenetre>
<fenetre> 0 0 0 0 0 0 0 0 0 0 0 0 0 0 0 0 0 0 0 0 0 0 0 3 836 1198 11 0 0 0 0 0 0 0 0 0 0 0 0 0 0 0 0 0 0 0 0 0 0 0 0  </fenetre>
<fenetre> 0 0 0 0 0 0 0 0 0 0 0 0 0 0 0 0 0 0 0 0 0 0 0 3 826 1212 7 0 0 0 0 0 0 0 0 0 0 0 0 0 0 0 0 0 0 0 0 0 0 0 0  </fenetre>
<fenetre> 0 0 0 0 0 0 0 0 0 0 0 0 0 0 0 0 2 10 33 23 34 34 48 76 466 1016 108 72 52 19 32 17 5 1 0 0 0 0 0 0 0 0 0 0 0 0 0 0 0 0 0  </fenetre>
<fenetre> 0 0 0 0 0 0 0 0 0 0 0 0 0 0 0 0 1 17 26 43 75 118 152 239 327 327 294 147 106 55 65 27 21 6 2 0 0 0 0 0 0 0 0 0 0 0 0 0 0 0 0  </fenetre>
<fenetre> 0 0 0 0 0 0 0 0 0 0 0 0 0 0 0 0 0 2 20 38 56 117 174 327 327 271 236 183 142 79 45 25 5 1 0 0 0 0 0 0 0 0 0 0 0 0 0 0 0 0 0  </fenetre>
<fenetre> 0 0 0 0 0 0 0 0 0 0 0 0 0 0 0 0 0 0 2 7 22 57 146 245 496 558 262 142 61 28 19 1 2 0 0 0 0 0 0 0 0 0 0 0 0 0 0 0 0 0 0  </fenetre>
<fenetre> 0 0 0 0 0 0 0 0 0 0 0 0 0 0 0 0 1 6 29 45 66 118 218 309 314 219 185 216 126 79 63 22 18 12 2 0 0 0 0 0 0 0 0 0 0 0 0 0 0 0 0  </fenetre>
<fenetre> 0 0 0 0 0 0 0 0 0 0 0 0 0 0 0 0 0 0 0 2 0 1 11 98 529 1285 106 14 0 0 1 1 0 0 0 0 0 0 0 0 0 0 0 0 0 0 0 0 0 0 0  </fenetre>
<fenetre> 0 0 0 0 0 0 0 0 0 0 0 0 0 0 0 0 0 0 11 23 64 179 246 167 348 375 189 165 69 77 69 37 21 7 1 0 0 0 0 0 0 0 0 0 0 0 0 0 0 0 0  </fenetre>
<fenetre> 0 0 0 0 0 0 0 0 0 0 0 0 0 0 0 0 0 3 44 83 93 111 96 85 376 579 148 141 99 72 49 42 21 6 0 0 0 0 0 0 0 0 0 0 0 0 0 0 0 0 0  </fenetre>
<fenetre> 0 0 0 0 0 0 0 0 0 0 0 0 0 0 0 0 0 0 1 16 16 49 116 217 624 592 244 70 35 18 14 16 17 3 0 0 0 0 0 0 0 0 0 0 0 0 0 0 0 0 0  </fenetre>
<fenetre> 0 0 0 0 0 0 0 0 0 0 0 0 0 0 0 0 3 21 34 41 46 72 109 145 434 575 244 141 67 37 34 20 20 4 1 0 0 0 0 0 0 0 0 0 0 0 0 0 0 0 0  </fenetre>
<fenetre> 0 0 0 0 0 0 0 0 0 0 0 0 0 0 0 1 1 10 13 39 54 84 81 114 497 694 155 105 73 61 42 17 7 0 0 0 0 0 0 0 0 0 0 0 0 0 0 0 0 0 0  </fenetre>
<fenetre> 0 0 0 0 0 0 0 0 0 0 0 0 0 0 0 0 1 18 29 53 82 73 98 234 395 425 265 108 80 70 53 46 18 0 0 0 0 0 0 0 0 0 0 0 0 0 0 0 0 0 0  </fenetre>
<fenetre> 0 0 0 0 0 0 0 0 0 0 0 0 0 0 0 0 0 0 0 5 21 51 81 209 525 793 190 97 35 10 15 6 5 3 2 0 0 0 0 0 0 0 0 0 0 0 0 0 0 0 0  </fenetre>
<fenetre> 0 0 0 0 0 0 0 0 0 0 0 0 0 0 0 0 0 0 0 6 23 18 64 179 557 962 78 56 37 45 18 5 0 0 0 0 0 0 0 0 0 0 0 0 0 0 0 0 0 0 0  </fenetre>
<fenetre> 0 0 0 0 0 0 0 0 0 0 0 0 0 0 0 0 0 0 0 10 36 97 202 238 494 516 168 97 47 32 24 39 31 16 1 0 0 0 0 0 0 0 0 0 0 0 0 0 0 0 0  </fenetre>
<fenetre> 0 0 0 0 0 0 0 0 0 0 0 0 0 0 0 0 0 0 1 27 24 72 239 325 301 297 350 313 42 25 23 8 1 0 0 0 0 0 0 0 0 0 0 0 0 0 0 0 0 0 0  </fenetre>
<fenetre> 0 0 0 0 0 0 0 0 0 0 0 0 0 0 1 3 11 14 23 38 57 99 148 198 421 484 157 104 66 76 70 41 17 13 6 1 0 0 0 0 0 0 0 0 0 0 0 0 0 0 0  </fenetre>
<fenetre> 0 0 0 0 0 0 0 0 0 0 0 0 0 0 0 0 0 0 0 4 9 24 44 66 622 1148 53 25 24 27 2 0 0 0 0 0 0 0 0 0 0 0 0 0 0 0 0 0 0 0 0  </fenetre>
<fenetre> 0 0 0 0 0 0 0 0 0 0 0 0 0 0 0 0 0 0 7 27 80 123 158 137 537 565 92 52 58 65 71 54 20 2 0 0 0 0 0 0 0 0 0 0 0 0 0 0 0 0 0  </fenetre>
<fenetre> 0 0 0 0 0 0 0 0 0 0 0 0 0 0 0 0 0 3 7 42 120 268 300 273 161 129 124 135 96 118 145 104 17 6 0 0 0 0 0 0 0 0 0 0 0 0 0 0 0 0 0  </fenetre>
<fenetre> 0 0 0 0 0 0 0 0 0 0 0 0 0 0 0 0 0 1 23 47 84 95 166 237 347 332 273 170 94 72 70 28 9 0 0 0 0 0 0 0 0 0 0 0 0 0 0 0 0 0 0  </fenetre>
<fenetre> 0 0 0 0 0 0 0 0 0 0 0 0 0 0 0 0 0 0 0 4 12 48 129 274 545 528 296 138 51 21 2 0 0 0 0 0 0 0 0 0 0 0 0 0 0 0 0 0 0 0 0  </fenetre>
<fenetre> 0 0 0 0 0 0 0 0 0 0 0 0 0 0 0 0 0 3 3 43 116 207 190 160 329 330 169 105 119 123 96 25 16 12 2 0 0 0 0 0 0 0 0 0 0 0 0 0 0 0 0  </fenetre>
<fenetre> 0 0 0 0 0 0 0 0 0 0 0 0 0 0 0 0 0 1 0 5 44 109 178 267 481 412 228 126 67 42 40 39 9 0 0 0 0 0 0 0 0 0 0 0 0 0 0 0 0 0 0  </fenetre>
<fenetre> 0 0 0 0 0 0 0 0 0 0 0 0 0 0 0 0 0 0 0 12 68 87 169 211 457 517 248 105 63 37 20 17 23 9 5 0 0 0 0 0 0 0 0 0 0 0 0 0 0 0 0  </fenetre>
<fenetre> 0 0 0 0 0 0 0 0 0 0 0 0 0 0 0 0 0 0 0 12 46 167 287 245 252 275 322 247 74 44 31 33 12 1 0 0 0 0 0 0 0 0 0 0 0 0 0 0 0 0 0  </fenetre>
<fenetre> 0 0 0 0 0 0 0 0 0 0 0 0 0 0 0 0 0 0 2 26 50 129 168 254 322 367 308 237 159 23 3 0 0 0 0 0 0 0 0 0 0 0 0 0 0 0 0 0 0 0 0  </fenetre>
<fenetre> 0 0 0 0 0 0 0 0 0 0 0 0 0 1 3 8 14 27 28 39 60 78 160 245 341 347 251 161 103 51 32 33 38 18 8 2 0 0 0 0 0 0 0 0 0 0 0 0 0 0 0  </fenetre>
<fenetre> 0 0 0 0 0 0 0 0 0 0 0 0 0 0 0 0 0 0 4 10 37 43 46 87 708 861 97 53 47 37 14 4 0 0 0 0 0 0 0 0 0 0 0 0 0 0 0 0 0 0 0  </fenetre>
<fenetre> 0 0 0 0 0 0 0 0 0 0 0 0 0 0 0 0 0 0 0 0 0 0 2 82 839 1001 120 4 0 0 0 0 0 0 0 0 0 0 0 0 0 0 0 0 0 0 0 0 0 0 0  </fenetre>
<fenetre> 0 0 0 0 0 0 0 0 0 0 0 0 0 0 0 0 0 0 0 0 0 3 13 48 640 1276 52 10 5 1 0 0 0 0 0 0 0 0 0 0 0 0 0 0 0 0 0 0 0 0 0  </fenetre>
<fenetre> 0 0 0 0 0 0 0 0 0 0 0 0 0 0 0 0 0 1 8 9 18 42 93 198 603 675 210 101 44 17 5 6 2 5 3 7 1 0 0 0 0 0 0 0 0 0 0 0 0 0 0  </fenetre>
<fenetre> 0 0 0 0 0 0 0 0 0 0 0 0 0 0 0 0 0 4 5 13 26 63 139 262 503 518 254 113 51 28 26 23 13 7 0 0 0 0 0 0 0 0 0 0 0 0 0 0 0 0 0  </fenetre>
<fenetre> 0 0 0 0 0 0 0 0 0 0 0 0 0 0 0 0 30 38 38 33 34 65 146 198 487 347 218 160 63 63 79 47 2 0 0 0 0 0 0 0 0 0 0 0 0 0 0 0 0 0 0  </fenetre>
<fenetre> 0 0 0 0 0 0 0 0 0 0 0 0 0 0 0 0 0 4 75 63 67 165 227 271 218 173 167 129 113 181 128 49 12 5 1 0 0 0 0 0 0 0 0 0 0 0 0 0 0 0 0  </fenetre>
<fenetre> 0 0 0 0 0 0 0 0 0 0 0 0 0 0 0 0 0 0 0 0 18 143 170 217 444 546 159 123 141 84 3 0 0 0 0 0 0 0 0 0 0 0 0 0 0 0 0 0 0 0 0  </fenetre>
<fenetre> 0 0 0 0 0 0 0 0 0 0 0 0 0 0 0 0 0 0 3 7 17 55 113 209 583 633 239 110 34 11 6 10 12 5 1 0 0 0 0 0 0 0 0 0 0 0 0 0 0 0 0  </fenetre>
<fenetre> 0 0 0 0 0 0 0 0 0 0 0 0 0 0 0 0 0 0 4 82 214 186 289 212 145 145 125 117 113 135 120 134 22 5 0 0 0 0 0 0 0 0 0 0 0 0 0 0 0 0 0  </fenetre>
<fenetre> 0 0 0 0 0 0 0 0 0 0 0 0 0 0 0 0 2 1 8 26 63 157 290 288 228 232 244 183 127 87 66 43 3 0 0 0 0 0 0 0 0 0 0 0 0 0 0 0 0 0 0  </fenetre>
<fenetre> 0 0 0 0 0 0 0 0 0 0 0 0 0 0 0 0 0 0 0 0 0 4 51 113 503 1222 70 58 23 4 0 0 0 0 0 0 0 0 0 0 0 0 0 0 0 0 0 0 0 0 0  </fenetre>
<fenetre> 0 0 0 0 0 0 0 0 0 0 0 0 0 0 0 0 0 0 1 3 13 25 68 93 244 1418 69 38 28 21 10 13 3 1 0 0 0 0 0 0 0 0 0 0 0 0 0 0 0 0 0  </fenetre>
<fenetre> 0 0 0 0 0 0 0 0 0 0 0 0 0 0 0 0 0 0 0 0 3 21 129 201 529 840 182 88 35 16 4 0 0 0 0 0 0 0 0 0 0 0 0 0 0 0 0 0 0 0 0  </fenetre>
<fenetre> 0 0 0 0 0 0 0 0 0 0 0 0 0 0 4 5 17 13 40 44 95 95 89 102 332 424 298 226 125 98 35 5 1 0 0 0 0 0 0 0 0 0 0 0 0 0 0 0 0 0 0  </fenetre>
<fenetre> 0 0 0 0 0 0 0 0 0 0 0 0 0 0 0 0 0 3 36 31 50 46 62 115 557 744 138 75 76 53 35 25 2 0 0 0 0 0 0 0 0 0 0 0 0 0 0 0 0 0 0  </fenetre>
<fenetre> 0 0 0 0 0 0 0 0 0 0 0 0 0 0 0 0 1 7 27 55 52 82 141 247 340 342 345 195 107 80 20 7 0 0 0 0 0 0 0 0 0 0 0 0 0 0 0 0 0 0 0  </fenetre>
<fenetre> 0 0 0 0 0 0 0 0 0 0 0 0 0 0 0 0 0 0 0 0 0 0 3 38 455 1516 28 8 0 0 0 0 0 0 0 0 0 0 0 0 0 0 0 0 0 0 0 0 0 0 0  </fenetre>
<fenetre> 0 0 0 0 0 0 0 0 0 0 0 0 0 0 0 0 0 0 0 1 1 4 15 70 711 1150 70 17 7 2 0 0 0 0 0 0 0 0 0 0 0 0 0 0 0 0 0 0 0 0 0  </fenetre>
<fenetre> 0 0 0 0 0 0 0 0 0 0 0 0 0 0 0 0 0 0 0 0 0 0 3 51 802 1116 70 6 0 0 0 0 0 0 0 0 0 0 0 0 0 0 0 0 0 0 0 0 0 0 0  </fenetre>
<fenetre> 0 0 0 0 0 0 0 0 0 0 0 0 0 0 0 0 0 0 0 0 0 15 57 122 547 1080 156 52 15 4 0 0 0 0 0 0 0 0 0 0 0 0 0 0 0 0 0 0 0 0 0  </fenetre>
<fenetre> 0 0 0 0 0 0 0 0 0 0 0 0 0 1 2 6 11 23 34 32 44 68 217 263 264 274 366 222 64 43 41 20 27 16 9 1 0 0 0 0 0 0 0 0 0 0 0 0 0 0 0  </fenetre>
<fenetre> 0 0 0 0 0 0 0 0 0 0 0 0 0 0 0 0 0 5 23 52 138 262 231 199 170 177 180 171 128 91 99 66 28 22 5 1 0 0 0 0 0 0 0 0 0 0 0 0 0 0 0  </fenetre>
<fenetre> 0 0 0 0 0 0 0 0 0 0 0 0 0 0 0 0 0 0 7 34 94 166 226 267 289 206 210 166 197 108 38 29 6 5 0 0 0 0 0 0 0 0 0 0 0 0 0 0 0 0 0  </fenetre>
<fenetre> 0 0 0 0 0 0 0 0 0 0 0 0 0 0 0 0 0 0 7 30 29 66 121 292 492 536 195 85 55 56 53 19 6 5 0 1 0 0 0 0 0 0 0 0 0 0 0 0 0 0 0  </fenetre>
<fenetre> 0 0 0 0 0 0 0 0 0 0 0 0 0 0 0 0 0 0 0 17 65 73 61 85 506 952 82 61 53 47 45 1 0 0 0 0 0 0 0 0 0 0 0 0 0 0 0 0 0 0 0  </fenetre>
<fenetre> 0 0 0 0 0 0 0 0 0 0 0 0 0 0 0 0 0 0 20 90 110 133 235 253 231 212 157 199 136 80 95 71 26 0 0 0 0 0 0 0 0 0 0 0 0 0 0 0 0 0 0  </fenetre>
<fenetre> 0 0 0 0 0 0 0 0 0 0 0 0 0 0 0 0 0 5 13 37 69 129 259 259 280 301 226 140 97 110 65 29 17 9 3 0 0 0 0 0 0 0 0 0 0 0 0 0 0 0 0  </fenetre>
<fenetre> 0 0 0 0 0 0 0 0 0 0 0 0 0 0 0 0 0 0 8 119 232 156 134 147 251 279 151 125 103 90 95 119 39 0 0 0 0 0 0 0 0 0 0 0 0 0 0 0 0 0 0  </fenetre>
<fenetre> 0 0 0 0 0 0 0 0 0 0 0 0 0 0 0 0 0 0 7 32 43 55 59 108 639 816 120 34 38 35 21 12 14 13 2 0 0 0 0 0 0 0 0 0 0 0 0 0 0 0 0  </fenetre>
<fenetre> 0 0 0 0 0 0 0 0 0 0 0 0 0 0 0 0 0 0 0 4 19 75 142 265 473 564 273 133 27 24 31 12 5 1 0 0 0 0 0 0 0 0 0 0 0 0 0 0 0 0 0  </fenetre>
<fenetre> 0 0 0 0 0 0 0 0 0 0 0 0 0 0 0 0 0 6 35 43 91 138 171 162 292 443 215 141 129 81 46 33 14 7 1 0 0 0 0 0 0 0 0 0 0 0 0 0 0 0 0  </fenetre>
<fenetre> 0 0 0 0 0 0 0 0 0 0 0 0 0 0 0 0 0 0 0 3 104 123 200 250 290 308 258 240 219 53 0 0 0 0 0 0 0 0 0 0 0 0 0 0 0 0 0 0 0 0 0  </fenetre>
<fenetre> 0 0 0 0 0 0 0 0 0 0 0 0 0 0 0 0 0 6 37 46 48 66 133 193 460 500 211 142 51 47 61 38 7 2 0 0 0 0 0 0 0 0 0 0 0 0 0 0 0 0 0  </fenetre>
<fenetre> 0 0 0 0 0 0 0 0 0 0 0 0 0 0 0 0 0 7 9 41 72 55 99 173 505 694 106 73 56 43 40 51 23 1 0 0 0 0 0 0 0 0 0 0 0 0 0 0 0 0 0  </fenetre>
<fenetre> 0 0 0 0 0 0 0 0 0 0 0 0 0 0 0 0 0 0 31 61 53 45 77 130 395 774 172 122 83 52 37 14 2 0 0 0 0 0 0 0 0 0 0 0 0 0 0 0 0 0 0  </fenetre>
<fenetre> 0 0 0 0 0 0 0 0 0 0 0 0 0 0 0 0 0 0 4 15 56 104 214 342 358 411 171 100 74 99 40 19 23 13 3 2 0 0 0 0 0 0 0 0 0 0 0 0 0 0 0  </fenetre>
<fenetre> 0 0 0 0 0 0 0 0 0 0 0 0 0 0 0 0 0 7 30 29 41 48 82 281 380 404 463 183 65 32 3 0 0 0 0 0 0 0 0 0 0 0 0 0 0 0 0 0 0 0 0  </fenetre>
<fenetre> 0 0 0 0 0 0 0 0 0 0 0 0 0 0 0 0 0 34 44 26 28 68 113 209 450 530 238 113 55 38 24 35 28 11 4 0 0 0 0 0 0 0 0 0 0 0 0 0 0 0 0  </fenetre>
<fenetre> 0 0 0 0 0 0 0 0 0 0 0 0 0 0 0 0 0 2 57 46 92 154 221 313 260 217 108 117 118 93 93 112 41 4 0 0 0 0 0 0 0 0 0 0 0 0 0 0 0 0 0  </fenetre>
<fenetre> 0 0 0 0 0 0 0 0 0 0 0 0 0 0 0 0 0 0 25 37 54 88 96 215 403 484 281 166 163 36 0 0 0 0 0 0 0 0 0 0 0 0 0 0 0 0 0 0 0 0 0  </fenetre>
<fenetre> 0 0 0 0 0 0 0 0 0 0 0 0 0 0 0 0 1 10 21 23 40 97 130 180 406 573 227 162 79 54 27 11 4 3 0 0 0 0 0 0 0 0 0 0 0 0 0 0 0 0 0  </fenetre>
<fenetre> 0 0 0 0 0 0 0 0 0 0 0 0 0 0 0 1 5 16 23 25 42 32 60 83 461 1008 81 63 34 28 28 25 14 13 6 0 0 0 0 0 0 0 0 0 0 0 0 0 0 0 0  </fenetre>
<fenetre> 0 0 0 0 0 0 0 0 0 0 0 0 0 0 0 2 2 8 12 17 22 59 295 319 261 276 356 257 82 22 25 18 8 7 0 0 0 0 0 0 0 0 0 0 0 0 0 0 0 0 0  </fenetre>
<fenetre> 0 0 0 0 0 0 0 0 0 0 0 0 0 0 0 3 4 18 46 67 90 170 180 211 202 242 208 198 173 101 85 29 11 7 3 0 0 0 0 0 0 0 0 0 0 0 0 0 0 0 0  </fenetre>
<fenetre> 0 0 0 0 0 0 0 0 0 0 0 0 0 0 0 0 0 0 5 24 54 172 206 201 242 273 411 323 73 38 22 4 0 0 0 0 0 0 0 0 0 0 0 0 0 0 0 0 0 0 0  </fenetre>
<fenetre> 0 0 0 0 0 0 0 0 0 0 0 0 0 0 3 7 16 56 100 170 142 141 142 105 104 120 116 158 170 139 161 146 48 4 0 0 0 0 0 0 0 0 0 0 0 0 0 0 0 0 0  </fenetre>
<fenetre> 0 0 0 0 0 0 0 0 0 0 0 0 0 1 0 0 6 8 16 55 70 59 64 102 573 686 110 72 76 49 51 30 12 5 3 0 0 0 0 0 0 0 0 0 0 0 0 0 0 0 0  </fenetre>
<fenetre> 0 0 0 0 0 0 0 0 0 0 0 0 0 0 0 0 2 2 8 13 48 58 218 327 312 320 409 202 67 33 13 5 3 3 3 2 0 0 0 0 0 0 0 0 0 0 0 0 0 0 0  </fenetre>
<fenetre> 0 0 0 0 0 0 0 0 0 0 0 0 0 0 0 0 0 2 10 12 47 110 179 368 324 366 269 130 96 73 28 19 9 6 0 0 0 0 0 0 0 0 0 0 0 0 0 0 0 0 0  </fenetre>
<fenetre> 0 0 0 0 0 0 0 0 0 0 0 0 0 0 0 0 0 0 0 0 3 32 63 155 536 983 155 92 27 2 0 0 0 0 0 0 0 0 0 0 0 0 0 0 0 0 0 0 0 0 0  </fenetre>
<fenetre> 0 0 0 0 0 0 0 0 0 0 0 0 0 0 0 0 3 11 28 23 29 68 160 263 473 440 243 108 56 32 42 32 24 12 1 0 0 0 0 0 0 0 0 0 0 0 0 0 0 0 0  </fenetre>
<fenetre> 0 0 0 0 0 0 0 0 0 0 0 0 0 0 0 0 0 0 0 0 17 122 318 408 308 276 165 99 95 76 98 58 8 0 0 0 0 0 0 0 0 0 0 0 0 0 0 0 0 0 0  </fenetre>
<fenetre> 0 0 0 0 0 0 0 0 0 0 0 0 0 0 0 0 0 0 17 73 117 150 124 213 241 285 253 278 189 82 19 5 2 0 0 0 0 0 0 0 0 0 0 0 0 0 0 0 0 0 0  </fenetre>
<fenetre> 0 0 0 0 0 0 0 0 0 0 0 0 0 0 0 0 9 67 126 100 152 111 95 94 97 127 222 261 273 187 121 6 0 0 0 0 0 0 0 0 0 0 0 0 0 0 0 0 0 0 0  </fenetre>
<fenetre> 0 0 0 0 0 0 0 0 0 0 0 0 0 0 0 0 5 75 165 116 95 83 86 85 76 123 228 386 237 161 118 9 0 0 0 0 0 0 0 0 0 0 0 0 0 0 0 0 0 0 0  </fenetre>
<fenetre> 0 0 0 0 0 0 0 0 0 0 0 0 0 0 0 0 0 36 91 83 161 178 121 104 106 153 291 249 196 139 120 16 4 0 0 0 0 0 0 0 0 0 0 0 0 0 0 0 0 0 0  </fenetre>
<fenetre> 0 0 0 0 0 0 0 0 0 0 0 0 0 0 0 3 13 16 9 15 37 44 76 98 605 770 110 70 78 43 40 12 8 1 0 0 0 0 0 0 0 0 0 0 0 0 0 0 0 0 0  </fenetre>
<fenetre> 0 0 0 0 0 0 0 0 0 0 0 0 0 0 0 0 0 1 8 34 51 185 274 223 249 211 237 245 224 80 24 2 0 0 0 0 0 0 0 0 0 0 0 0 0 0 0 0 0 0 0  </fenetre>
<fenetre> 0 0 0 0 0 0 0 0 0 0 0 0 0 0 0 0 3 25 44 98 97 121 169 212 268 234 180 157 141 106 70 68 38 13 3 1 0 0 0 0 0 0 0 0 0 0 0 0 0 0 0  </fenetre>
<fenetre> 0 0 0 0 0 0 0 0 0 0 0 0 0 0 0 0 0 0 3 29 101 172 331 254 178 232 226 145 111 108 99 49 10 0 0 0 0 0 0 0 0 0 0 0 0 0 0 0 0 0 0  </fenetre>
<fenetre> 0 0 0 0 0 0 0 0 0 0 0 0 0 0 0 2 11 34 38 62 52 70 122 193 298 374 320 227 104 89 40 9 3 0 0 0 0 0 0 0 0 0 0 0 0 0 0 0 0 0 0  </fenetre>
<fenetre> 0 0 0 0 0 0 0 0 0 0 0 0 0 0 0 0 0 1 33 78 106 105 150 196 221 358 384 148 91 86 54 25 12 0 0 0 0 0 0 0 0 0 0 0 0 0 0 0 0 0 0  </fenetre>
<fenetre> 0 0 0 0 0 0 0 0 0 0 0 0 0 0 0 0 0 7 56 48 75 158 268 336 177 167 146 137 123 112 118 104 16 0 0 0 0 0 0 0 0 0 0 0 0 0 0 0 0 0 0  </fenetre>
<fenetre> 0 0 0 0 0 0 0 0 0 0 0 0 0 0 0 0 0 0 0 0 0 0 0 25 778 1220 17 8 0 0 0 0 0 0 0 0 0 0 0 0 0 0 0 0 0 0 0 0 0 0 0  </fenetre>
<fenetre> 0 0 0 0 0 0 0 0 0 0 0 0 0 0 0 0 0 0 0 0 0 0 1 15 881 1114 37 0 0 0 0 0 0 0 0 0 0 0 0 0 0 0 0 0 0 0 0 0 0 0 0  </fenetre>
<fenetre> 0 0 0 0 0 0 0 0 0 0 0 0 0 0 0 0 0 0 0 0 0 0 0 0 536 1512 0 0 0 0 0 0 0 0 0 0 0 0 0 0 0 0 0 0 0 0 0 0 0 0 0  </fenetre>
<fenetre> 0 0 0 0 0 0 0 0 0 0 0 0 0 0 0 0 0 2 10 21 32 142 209 267 324 317 274 250 142 25 12 11 7 3 0 0 0 0 0 0 0 0 0 0 0 0 0 0 0 0 0  </fenetre>
<fenetre> 0 0 0 0 0 0 0 0 0 0 0 0 0 0 0 0 3 8 13 15 40 100 222 318 335 341 267 136 77 56 53 29 19 16 0 0 0 0 0 0 0 0 0 0 0 0 0 0 0 0 0  </fenetre>
<fenetre> 0 0 0 0 0 0 0 0 0 0 0 0 0 0 0 0 1 5 6 8 7 12 45 126 672 952 132 41 13 15 5 3 5 0 0 0 0 0 0 0 0 0 0 0 0 0 0 0 0 0 0  </fenetre>
<fenetre> 0 0 0 0 0 0 0 0 0 0 0 0 0 0 0 0 0 5 10 15 26 63 189 377 375 407 298 85 60 43 35 32 18 7 3 0 0 0 0 0 0 0 0 0 0 0 0 0 0 0 0  </fenetre>
<fenetre> 0 0 0 0 0 0 0 0 0 0 0 0 0 0 0 0 0 0 9 36 48 81 147 238 312 415 462 179 72 39 10 0 0 0 0 0 0 0 0 0 0 0 0 0 0 0 0 0 0 0 0  </fenetre>
<fenetre> 0 0 0 0 0 0 0 0 0 0 0 0 0 0 0 0 0 41 84 127 125 113 122 142 168 168 240 226 166 161 100 54 11 0 0 0 0 0 0 0 0 0 0 0 0 0 0 0 0 0 0  </fenetre>
<fenetre> 0 0 0 0 0 0 0 0 0 0 0 0 0 0 0 0 4 25 53 85 107 143 148 176 221 232 227 206 205 116 87 13 0 0 0 0 0 0 0 0 0 0 0 0 0 0 0 0 0 0 0  </fenetre>
<fenetre> 0 0 0 0 0 0 0 0 0 0 0 0 0 0 0 0 0 0 3 31 29 35 54 90 641 845 141 73 55 51 0 0 0 0 0 0 0 0 0 0 0 0 0 0 0 0 0 0 0 0 0  </fenetre>
<fenetre> 0 0 0 0 0 0 0 0 0 0 0 0 0 0 0 0 9 89 96 152 161 124 121 123 115 206 105 122 87 124 177 145 83 8 1 0 0 0 0 0 0 0 0 0 0 0 0 0 0 0 0  </fenetre>
<fenetre> 0 0 0 0 0 0 0 0 0 0 0 0 0 0 0 0 0 2 20 89 166 141 157 163 156 186 227 451 189 53 30 15 3 0 0 0 0 0 0 0 0 0 0 0 0 0 0 0 0 0 0  </fenetre>
<fenetre> 0 0 0 0 0 0 0 0 0 0 0 0 0 0 0 0 0 0 0 2 9 34 80 219 518 798 247 89 38 14 0 0 0 0 0 0 0 0 0 0 0 0 0 0 0 0 0 0 0 0 0  </fenetre>
<fenetre> 0 0 0 0 0 0 0 0 0 0 0 0 0 0 0 0 0 1 2 16 37 68 144 242 512 567 237 72 38 27 25 25 15 13 7 0 0 0 0 0 0 0 0 0 0 0 0 0 0 0 0  </fenetre>
<fenetre> 0 0 0 0 0 0 0 0 0 0 0 0 0 0 0 0 0 0 0 0 8 54 158 357 395 477 406 106 51 22 13 1 0 0 0 0 0 0 0 0 0 0 0 0 0 0 0 0 0 0 0  </fenetre>
<fenetre> 0 0 0 0 0 0 0 0 0 0 0 0 0 0 0 0 0 6 33 47 67 75 158 396 254 243 393 95 81 79 45 52 24 0 0 0 0 0 0 0 0 0 0 0 0 0 0 0 0 0 0  </fenetre>
<fenetre> 0 0 0 0 0 0 0 0 0 0 0 0 0 0 0 0 0 0 20 43 89 157 121 159 440 449 190 74 101 72 64 51 18 0 0 0 0 0 0 0 0 0 0 0 0 0 0 0 0 0 0  </fenetre>
<fenetre> 0 0 0 0 0 0 0 0 0 0 0 0 0 0 0 0 0 0 0 0 3 48 148 322 471 500 320 160 63 12 1 0 0 0 0 0 0 0 0 0 0 0 0 0 0 0 0 0 0 0 0  </fenetre>
<fenetre> 0 0 0 0 0 0 0 0 0 0 0 0 0 0 0 0 6 17 43 64 141 190 161 175 214 234 165 158 169 169 51 47 25 19 0 0 0 0 0 0 0 0 0 0 0 0 0 0 0 0 0  </fenetre>
<fenetre> 0 0 0 0 0 0 0 0 0 0 0 0 0 0 0 0 0 0 16 118 162 154 242 239 160 121 114 169 262 184 45 21 20 13 7 1 0 0 0 0 0 0 0 0 0 0 0 0 0 0 0  </fenetre>
<fenetre> 0 0 0 0 0 0 0 0 0 0 0 0 0 0 0 0 0 27 66 128 184 143 167 167 131 111 151 165 165 179 180 79 5 0 0 0 0 0 0 0 0 0 0 0 0 0 0 0 0 0 0  </fenetre>
<fenetre> 0 0 0 0 0 0 0 0 0 0 0 0 0 0 0 0 0 0 13 39 40 42 51 63 447 998 172 92 49 26 15 1 0 0 0 0 0 0 0 0 0 0 0 0 0 0 0 0 0 0 0  </fenetre>
<fenetre> 0 0 0 0 0 0 0 0 0 0 0 0 0 0 0 0 1 6 47 112 106 113 151 170 267 291 221 184 96 110 104 58 11 0 0 0 0 0 0 0 0 0 0 0 0 0 0 0 0 0 0  </fenetre>
<fenetre> 0 0 0 0 0 0 0 0 0 0 0 0 0 0 0 0 3 9 67 137 128 113 111 104 119 215 311 357 292 73 9 0 0 0 0 0 0 0 0 0 0 0 0 0 0 0 0 0 0 0 0  </fenetre>
<fenetre> 0 0 0 0 0 0 0 0 0 0 0 0 0 0 0 0 5 37 49 67 75 91 134 186 264 293 318 236 129 66 68 28 2 0 0 0 0 0 0 0 0 0 0 0 0 0 0 0 0 0 0  </fenetre>
<fenetre> 0 0 0 0 0 0 0 0 0 0 0 0 0 0 0 0 2 7 32 39 140 194 215 217 206 160 165 183 216 166 82 24 0 0 0 0 0 0 0 0 0 0 0 0 0 0 0 0 0 0 0  </fenetre>
<fenetre> 0 0 0 0 0 0 0 0 0 0 0 0 0 0 1 3 14 20 45 67 53 124 155 242 280 265 270 163 156 48 63 45 17 16 1 0 0 0 0 0 0 0 0 0 0 0 0 0 0 0 0  </fenetre>
<fenetre> 0 0 0 0 0 0 0 0 0 0 0 0 0 0 0 0 0 7 70 219 190 159 123 129 140 124 113 151 130 151 167 144 29 2 0 0 0 0 0 0 0 0 0 0 0 0 0 0 0 0 0  </fenetre>
<fenetre> 0 0 0 0 0 0 0 0 0 0 0 0 0 0 0 0 0 0 4 41 122 306 245 283 181 125 100 119 103 117 161 124 17 0 0 0 0 0 0 0 0 0 0 0 0 0 0 0 0 0 0  </fenetre>
<fenetre> 0 0 0 0 0 0 0 0 0 0 0 0 0 0 0 0 0 0 8 50 58 96 201 244 326 299 342 211 120 61 27 5 0 0 0 0 0 0 0 0 0 0 0 0 0 0 0 0 0 0 0  </fenetre>
<fenetre> 0 0 0 0 0 0 0 0 0 0 0 0 0 0 0 0 0 0 0 16 43 166 225 256 261 310 384 197 87 42 31 19 7 4 0 0 0 0 0 0 0 0 0 0 0 0 0 0 0 0 0  </fenetre>
<fenetre> 0 0 0 0 0 0 0 0 0 0 0 0 0 0 0 0 0 0 0 0 2 9 97 291 597 610 324 98 20 0 0 0 0 0 0 0 0 0 0 0 0 0 0 0 0 0 0 0 0 0 0  </fenetre>
<fenetre> 0 0 0 0 0 0 0 0 0 0 0 0 0 0 0 0 0 9 12 7 27 95 125 136 322 969 91 67 51 43 28 40 19 7 0 0 0 0 0 0 0 0 0 0 0 0 0 0 0 0 0  </fenetre>
<fenetre> 0 0 0 0 0 0 0 0 0 0 0 0 0 0 0 0 0 0 2 33 37 117 268 348 280 258 235 209 96 65 63 35 2 0 0 0 0 0 0 0 0 0 0 0 0 0 0 0 0 0 0  </fenetre>
<fenetre> 0 0 0 0 0 0 0 0 0 0 0 0 0 0 0 0 0 0 0 0 0 0 9 43 702 1235 45 14 0 0 0 0 0 0 0 0 0 0 0 0 0 0 0 0 0 0 0 0 0 0 0  </fenetre>
<fenetre> 0 0 0 0 0 0 0 0 0 0 0 0 0 0 0 0 0 0 0 0 0 0 0 11 873 1143 21 0 0 0 0 0 0 0 0 0 0 0 0 0 0 0 0 0 0 0 0 0 0 0 0  </fenetre>
<fenetre> 0 0 0 0 0 0 0 0 0 0 0 0 0 0 0 0 0 0 0 0 0 0 0 0 772 1275 1 0 0 0 0 0 0 0 0 0 0 0 0 0 0 0 0 0 0 0 0 0 0 0 0  </fenetre>
<fenetre> 0 0 0 0 0 0 0 0 0 0 0 0 0 0 0 0 0 0 10 16 25 36 44 79 353 1229 82 76 66 28 4 0 0 0 0 0 0 0 0 0 0 0 0 0 0 0 0 0 0 0 0  </fenetre>
<fenetre> 0 0 0 0 0 0 0 0 0 0 0 0 0 0 0 0 0 47 92 75 73 72 65 99 276 457 199 247 197 92 54 3 0 0 0 0 0 0 0 0 0 0 0 0 0 0 0 0 0 0 0  </fenetre>
<fenetre> 0 0 0 0 0 0 0 0 0 0 0 0 0 0 0 1 15 19 40 48 39 42 47 82 476 744 181 119 90 52 28 15 10 0 0 0 0 0 0 0 0 0 0 0 0 0 0 0 0 0 0  </fenetre>
<fenetre> 0 0 0 0 0 0 0 0 0 0 0 0 0 0 0 0 8 32 36 28 38 40 40 44 522 859 107 128 85 58 17 6 0 0 0 0 0 0 0 0 0 0 0 0 0 0 0 0 0 0 0  </fenetre>
<fenetre> 0 0 0 0 0 0 0 0 0 0 0 0 0 0 0 0 2 10 10 27 89 213 182 166 184 327 291 268 147 71 40 18 3 0 0 0 0 0 0 0 0 0 0 0 0 0 0 0 0 0 0  </fenetre>
<fenetre> 0 0 0 0 0 0 0 0 0 0 0 0 0 0 0 0 0 0 53 81 106 147 185 187 215 232 224 205 224 108 43 28 10 0 0 0 0 0 0 0 0 0 0 0 0 0 0 0 0 0 0  </fenetre>
<fenetre> 0 0 0 0 0 0 0 0 0 0 0 0 0 0 0 0 0 0 8 88 85 56 63 102 583 741 85 35 29 29 30 28 33 41 11 1 0 0 0 0 0 0 0 0 0 0 0 0 0 0 0  </fenetre>
<fenetre> 0 0 0 0 0 0 0 0 0 0 0 0 0 0 0 0 0 0 0 25 67 120 87 202 487 527 209 126 95 62 21 15 5 0 0 0 0 0 0 0 0 0 0 0 0 0 0 0 0 0 0  </fenetre>
<fenetre> 0 0 0 0 0 0 0 0 0 0 0 0 0 0 0 0 0 89 113 92 82 76 78 99 239 311 173 212 144 173 131 30 6 0 0 0 0 0 0 0 0 0 0 0 0 0 0 0 0 0 0  </fenetre>
<fenetre> 0 0 0 0 0 0 0 0 0 0 0 0 0 0 0 0 0 5 53 82 133 169 185 216 204 140 185 238 169 115 76 55 20 1 2 0 0 0 0 0 0 0 0 0 0 0 0 0 0 0 0  </fenetre>
<fenetre> 0 0 0 0 0 0 0 0 0 0 0 0 0 0 0 0 2 10 11 18 49 73 138 277 387 459 266 174 85 42 31 22 4 0 0 0 0 0 0 0 0 0 0 0 0 0 0 0 0 0 0  </fenetre>
<fenetre> 0 0 0 0 0 0 0 0 0 0 0 0 0 0 0 0 1 13 37 40 65 96 138 264 353 343 260 175 113 53 57 30 10 0 0 0 0 0 0 0 0 0 0 0 0 0 0 0 0 0 0  </fenetre>
<fenetre> 0 0 0 0 0 0 0 0 0 0 0 0 0 0 0 0 0 3 34 109 93 112 130 227 314 319 232 142 91 69 76 61 30 6 0 0 0 0 0 0 0 0 0 0 0 0 0 0 0 0 0  </fenetre>
<fenetre> 0 0 0 0 0 0 0 0 0 0 0 0 0 0 0 1 4 6 12 26 51 82 170 249 425 353 258 186 99 47 42 25 10 2 0 0 0 0 0 0 0 0 0 0 0 0 0 0 0 0 0  </fenetre>
<fenetre> 0 0 0 0 0 0 0 0 0 0 0 0 0 0 0 0 0 0 17 81 151 174 227 281 245 138 100 126 112 146 162 82 6 0 0 0 0 0 0 0 0 0 0 0 0 0 0 0 0 0 0  </fenetre>
<fenetre> 0 0 0 0 0 0 0 0 0 0 0 0 0 0 0 0 0 0 13 51 61 77 100 160 439 680 138 105 86 65 43 22 8 0 0 0 0 0 0 0 0 0 0 0 0 0 0 0 0 0 0  </fenetre>
<fenetre> 0 0 0 0 0 0 0 0 0 0 0 0 0 0 0 0 3 37 45 53 52 61 64 111 371 680 173 143 106 89 52 8 0 0 0 0 0 0 0 0 0 0 0 0 0 0 0 0 0 0 0  </fenetre>
<fenetre> 0 0 0 0 0 0 0 0 0 0 0 0 0 0 0 0 1 7 14 18 35 56 83 209 489 687 261 65 37 25 21 16 12 11 1 0 0 0 0 0 0 0 0 0 0 0 0 0 0 0 0  </fenetre>
<fenetre> 0 0 0 0 0 0 0 0 0 0 0 0 0 0 0 0 0 1 17 33 45 59 60 230 550 555 222 114 69 46 38 7 2 0 0 0 0 0 0 0 0 0 0 0 0 0 0 0 0 0 0  </fenetre>
<fenetre> 0 0 0 0 0 0 0 0 0 0 0 0 0 0 0 0 0 0 0 0 0 0 5 49 608 1289 94 2 1 0 0 0 0 0 0 0 0 0 0 0 0 0 0 0 0 0 0 0 0 0 0  </fenetre>
<fenetre> 0 0 0 0 0 0 0 0 0 0 0 0 0 0 0 0 0 6 52 128 170 186 178 148 207 178 112 116 114 168 208 60 17 0 0 0 0 0 0 0 0 0 0 0 0 0 0 0 0 0 0  </fenetre>
<fenetre> 0 0 0 0 0 0 0 0 0 0 0 0 0 0 0 0 0 0 0 24 112 222 147 174 294 320 264 171 133 89 48 42 8 0 0 0 0 0 0 0 0 0 0 0 0 0 0 0 0 0 0  </fenetre>
<fenetre> 0 0 0 0 0 0 0 0 0 0 0 0 0 0 0 0 0 19 73 67 63 80 109 181 285 343 340 232 146 60 43 7 0 0 0 0 0 0 0 0 0 0 0 0 0 0 0 0 0 0 0  </fenetre>
<fenetre> 0 0 0 0 0 0 0 0 0 0 0 0 0 0 0 0 0 3 29 52 117 271 263 216 202 181 133 91 84 96 105 112 73 19 1 0 0 0 0 0 0 0 0 0 0 0 0 0 0 0 0  </fenetre>
<fenetre> 0 0 0 0 0 0 0 0 0 0 0 0 0 0 0 0 0 21 56 77 72 81 117 201 316 347 269 159 152 112 61 7 0 0 0 0 0 0 0 0 0 0 0 0 0 0 0 0 0 0 0  </fenetre>
<fenetre> 0 0 0 0 0 0 0 0 0 0 0 0 0 0 0 0 6 92 134 122 93 108 105 106 120 133 183 222 260 205 131 20 2 6 0 0 0 0 0 0 0 0 0 0 0 0 0 0 0 0 0  </fenetre>
<fenetre> 0 0 0 0 0 0 0 0 0 0 0 0 0 0 0 0 0 2 6 25 72 137 128 248 396 446 219 105 81 90 69 19 5 0 0 0 0 0 0 0 0 0 0 0 0 0 0 0 0 0 0  </fenetre>
<fenetre> 0 0 0 0 0 0 0 0 0 0 0 0 0 0 0 0 0 1 10 16 57 150 234 295 288 317 225 145 137 83 56 27 6 1 0 0 0 0 0 0 0 0 0 0 0 0 0 0 0 0 0  </fenetre>
<fenetre> 0 0 0 0 0 0 0 0 0 0 0 0 0 0 0 0 0 0 0 0 6 21 50 134 596 1011 137 63 28 2 0 0 0 0 0 0 0 0 0 0 0 0 0 0 0 0 0 0 0 0 0  </fenetre>
<fenetre> 0 0 0 0 0 0 0 0 0 0 0 0 0 0 0 0 0 11 48 110 112 121 120 152 342 379 137 86 111 147 77 55 37 3 0 0 0 0 0 0 0 0 0 0 0 0 0 0 0 0 0  </fenetre>
<fenetre> 0 0 0 0 0 0 0 0 0 0 0 0 0 0 0 0 1 0 4 7 36 95 173 247 383 451 324 203 92 21 10 1 0 0 0 0 0 0 0 0 0 0 0 0 0 0 0 0 0 0 0  </fenetre>
<fenetre> 0 0 0 0 0 0 0 0 0 0 0 0 0 0 0 0 0 0 36 75 135 104 126 171 297 363 193 245 168 51 27 29 22 5 1 0 0 0 0 0 0 0 0 0 0 0 0 0 0 0 0  </fenetre>
<fenetre> 0 0 0 0 0 0 0 0 0 0 0 0 0 0 0 0 0 3 73 70 64 46 69 77 421 626 135 170 214 68 11 1 0 0 0 0 0 0 0 0 0 0 0 0 0 0 0 0 0 0 0  </fenetre>
<fenetre> 0 0 0 0 0 0 0 0 0 0 0 0 0 0 0 0 0 23 56 88 55 68 65 180 406 423 197 183 139 99 60 6 0 0 0 0 0 0 0 0 0 0 0 0 0 0 0 0 0 0 0  </fenetre>
<fenetre> 0 0 0 0 0 0 0 0 0 0 0 0 0 0 0 0 0 34 94 70 72 59 79 137 286 391 262 215 221 124 4 0 0 0 0 0 0 0 0 0 0 0 0 0 0 0 0 0 0 0 0  </fenetre>
<fenetre> 0 0 0 0 0 0 0 0 0 0 0 0 0 0 0 0 0 0 0 0 0 0 0 29 824 1142 53 0 0 0 0 0 0 0 0 0 0 0 0 0 0 0 0 0 0 0 0 0 0 0 0  </fenetre>
<fenetre> 0 0 0 0 0 0 0 0 0 0 0 0 0 0 0 0 0 0 0 0 0 0 0 62 854 1042 89 1 0 0 0 0 0 0 0 0 0 0 0 0 0 0 0 0 0 0 0 0 0 0 0  </fenetre>
<fenetre> 0 0 0 0 0 0 0 0 0 0 0 0 0 0 0 0 0 0 8 34 42 26 39 34 577 1045 67 50 57 62 7 0 0 0 0 0 0 0 0 0 0 0 0 0 0 0 0 0 0 0 0  </fenetre>
<fenetre> 0 0 0 0 0 0 0 0 0 0 0 0 0 0 2 14 12 28 34 48 50 71 71 93 448 564 186 168 134 66 39 12 4 4 0 0 0 0 0 0 0 0 0 0 0 0 0 0 0 0 0  </fenetre>
<fenetre> 0 0 0 0 0 0 0 0 0 0 0 0 0 0 0 0 0 8 19 16 40 120 182 240 333 418 289 188 93 54 24 18 6 0 0 0 0 0 0 0 0 0 0 0 0 0 0 0 0 0 0  </fenetre>
<fenetre> 0 0 0 0 0 0 0 0 0 0 0 0 0 0 0 0 0 0 3 50 126 152 190 182 207 282 345 267 149 44 22 18 11 0 0 0 0 0 0 0 0 0 0 0 0 0 0 0 0 0 0  </fenetre>
<fenetre> 0 0 0 0 0 0 0 0 0 0 0 0 0 0 0 0 0 0 0 19 37 87 147 264 413 413 322 223 95 23 5 0 0 0 0 0 0 0 0 0 0 0 0 0 0 0 0 0 0 0 0  </fenetre>
<fenetre> 0 0 0 0 0 0 0 0 0 0 0 0 0 0 0 0 0 0 10 16 34 116 274 362 317 266 275 131 55 70 48 32 17 14 3 5 2 1 0 0 0 0 0 0 0 0 0 0 0 0 0  </fenetre>
<fenetre> 0 0 0 0 0 0 0 0 0 0 0 0 0 0 0 0 2 30 34 28 22 39 48 156 523 631 226 156 85 60 8 0 0 0 0 0 0 0 0 0 0 0 0 0 0 0 0 0 0 0 0  </fenetre>
<fenetre> 0 0 0 0 0 0 0 0 0 0 0 0 0 0 0 0 0 5 6 7 35 159 296 243 320 319 271 120 92 67 42 24 22 17 1 2 0 0 0 0 0 0 0 0 0 0 0 0 0 0 0  </fenetre>
<fenetre> 0 0 0 0 0 0 0 0 0 0 0 0 0 0 0 0 0 19 54 42 44 64 110 235 323 388 405 155 105 63 34 7 0 0 0 0 0 0 0 0 0 0 0 0 0 0 0 0 0 0 0  </fenetre>
<fenetre> 0 0 0 0 0 0 0 0 0 0 0 0 0 0 0 0 19 23 26 71 54 67 103 178 437 453 213 133 85 70 67 20 11 13 5 0 0 0 0 0 0 0 0 0 0 0 0 0 0 0 0  </fenetre>
<fenetre> 0 0 0 0 0 0 0 0 0 0 0 0 0 0 0 0 0 0 1 34 99 203 270 269 199 191 233 143 122 141 114 23 6 0 0 0 0 0 0 0 0 0 0 0 0 0 0 0 0 0 0  </fenetre>
<fenetre> 0 0 0 0 0 0 0 0 0 0 0 0 0 0 0 0 0 2 15 42 83 131 181 245 253 321 305 213 141 59 33 22 2 0 0 0 0 0 0 0 0 0 0 0 0 0 0 0 0 0 0  </fenetre>
<fenetre> 0 0 0 0 0 0 0 0 0 0 0 0 0 0 0 0 0 0 0 0 57 203 252 310 258 277 239 161 117 68 51 30 21 4 0 0 0 0 0 0 0 0 0 0 0 0 0 0 0 0 0  </fenetre>
<fenetre> 0 0 0 0 0 0 0 0 0 0 0 0 0 0 0 1 2 14 31 107 159 239 175 162 122 146 152 161 192 201 106 62 14 2 0 0 0 0 0 0 0 0 0 0 0 0 0 0 0 0 0  </fenetre>
<fenetre> 0 0 0 0 0 0 0 0 0 0 0 0 0 0 0 0 0 0 0 0 6 31 42 133 583 991 151 84 19 8 0 0 0 0 0 0 0 0 0 0 0 0 0 0 0 0 0 0 0 0 0  </fenetre>
<fenetre> 0 0 0 0 0 0 0 0 0 0 0 0 0 0 0 0 0 0 0 0 0 20 143 175 275 1032 278 125 0 0 0 0 0 0 0 0 0 0 0 0 0 0 0 0 0 0 0 0 0 0 0  </fenetre>
<fenetre> 0 0 0 0 0 0 0 0 0 0 0 0 0 0 1 4 7 13 23 37 69 83 223 329 244 253 313 192 61 56 49 38 36 13 4 0 0 0 0 0 0 0 0 0 0 0 0 0 0 0 0  </fenetre>
<fenetre> 0 0 0 0 0 0 0 0 0 0 0 0 0 0 0 1 5 12 17 68 112 152 229 228 168 183 211 204 230 182 46 0 0 0 0 0 0 0 0 0 0 0 0 0 0 0 0 0 0 0 0  </fenetre>
<fenetre> 0 0 0 0 0 0 0 0 0 0 0 0 0 0 0 0 0 0 0 4 16 67 213 286 350 454 367 212 59 17 3 0 0 0 0 0 0 0 0 0 0 0 0 0 0 0 0 0 0 0 0  </fenetre>
<fenetre> 0 0 0 0 0 0 0 0 0 0 0 0 0 0 0 0 0 0 0 6 35 61 101 185 532 648 269 145 37 28 1 0 0 0 0 0 0 0 0 0 0 0 0 0 0 0 0 0 0 0 0  </fenetre>
<fenetre> 0 0 0 0 0 0 0 0 0 0 0 0 0 0 0 0 0 0 0 0 4 9 21 73 756 1052 93 27 8 5 0 0 0 0 0 0 0 0 0 0 0 0 0 0 0 0 0 0 0 0 0  </fenetre>
<fenetre> 0 0 0 0 0 0 0 0 0 0 0 0 0 0 0 0 0 0 0 0 0 0 3 89 845 976 128 7 0 0 0 0 0 0 0 0 0 0 0 0 0 0 0 0 0 0 0 0 0 0 0  </fenetre>
<fenetre> 0 0 0 0 0 0 0 0 0 0 0 0 0 0 0 0 0 0 0 0 0 0 0 10 799 1208 31 0 0 0 0 0 0 0 0 0 0 0 0 0 0 0 0 0 0 0 0 0 0 0 0  </fenetre>
<fenetre> 0 0 0 0 0 0 0 0 0 0 0 0 0 0 0 0 0 0 0 1 1 9 41 196 710 798 242 36 11 1 1 0 1 0 0 0 0 0 0 0 0 0 0 0 0 0 0 0 0 0 0  </fenetre>
<fenetre> 0 0 0 0 0 0 0 0 0 0 0 0 0 0 0 0 0 0 0 0 0 0 0 14 796 1212 26 0 0 0 0 0 0 0 0 0 0 0 0 0 0 0 0 0 0 0 0 0 0 0 0  </fenetre>
<fenetre> 0 0 0 0 0 0 0 0 0 0 0 0 0 0 0 0 0 15 35 86 87 129 164 176 331 454 135 89 68 83 63 39 44 34 15 1 0 0 0 0 0 0 0 0 0 0 0 0 0 0 0  </fenetre>
<fenetre> 0 0 0 0 0 0 0 0 0 0 0 0 0 0 0 0 1 2 5 14 25 75 351 279 236 236 322 369 53 51 24 5 0 0 0 0 0 0 0 0 0 0 0 0 0 0 0 0 0 0 0  </fenetre>
<fenetre> 0 0 0 0 0 0 0 0 0 0 0 0 0 0 0 3 10 33 63 114 123 129 139 194 158 196 230 153 148 156 106 60 29 4 0 0 0 0 0 0 0 0 0 0 0 0 0 0 0 0 0  </fenetre>
<fenetre> 0 0 0 0 0 0 0 0 0 0 0 0 0 0 0 0 0 0 6 31 77 101 171 265 412 374 247 145 70 50 27 36 26 7 3 0 0 0 0 0 0 0 0 0 0 0 0 0 0 0 0  </fenetre>
<fenetre> 0 0 0 0 0 0 0 0 0 0 0 0 0 0 0 0 0 0 0 11 58 98 112 343 470 435 258 72 48 37 41 45 18 2 0 0 0 0 0 0 0 0 0 0 0 0 0 0 0 0 0  </fenetre>
<fenetre> 0 0 0 0 0 0 0 0 0 0 0 0 0 0 0 0 0 0 3 25 58 117 124 168 524 614 125 78 43 60 52 41 15 1 0 0 0 0 0 0 0 0 0 0 0 0 0 0 0 0 0  </fenetre>
<fenetre> 0 0 0 0 0 0 0 0 0 0 0 0 0 0 0 0 2 14 45 109 86 161 188 191 227 198 193 160 154 118 132 58 11 0 1 0 0 0 0 0 0 0 0 0 0 0 0 0 0 0 0  </fenetre>
<fenetre> 0 0 0 0 0 0 0 0 0 0 0 0 0 0 0 0 0 1 29 55 72 110 116 149 451 554 124 112 110 57 51 52 5 0 0 0 0 0 0 0 0 0 0 0 0 0 0 0 0 0 0  </fenetre>
<fenetre> 0 0 0 0 0 0 0 0 0 0 0 0 0 0 0 0 0 1 13 32 74 109 182 229 289 538 201 143 70 65 48 27 14 7 4 1 1 0 0 0 0 0 0 0 0 0 0 0 0 0 0  </fenetre>
<fenetre> 0 0 0 0 0 0 0 0 0 0 0 0 0 0 0 0 0 11 40 41 43 78 118 244 331 363 393 219 110 50 7 0 0 0 0 0 0 0 0 0 0 0 0 0 0 0 0 0 0 0 0  </fenetre>
<fenetre> 0 0 0 0 0 0 0 0 0 0 0 0 0 0 0 0 2 16 22 47 84 102 162 253 267 329 391 122 69 63 66 30 18 4 1 0 0 0 0 0 0 0 0 0 0 0 0 0 0 0 0  </fenetre>
<fenetre> 0 0 0 0 0 0 0 0 0 0 0 0 0 0 3 1 14 23 33 52 77 89 119 244 281 305 358 150 108 72 74 41 4 0 0 0 0 0 0 0 0 0 0 0 0 0 0 0 0 0 0  </fenetre>
<fenetre> 0 0 0 0 0 0 0 0 0 0 0 0 0 1 1 7 13 57 70 96 100 125 135 146 163 200 205 224 195 147 90 51 21 1 0 0 0 0 0 0 0 0 0 0 0 0 0 0 0 0 0  </fenetre>
<fenetre> 0 0 0 0 0 0 0 0 0 0 0 0 0 0 0 0 2 4 54 143 135 173 177 173 170 165 150 186 181 121 131 69 13 1 0 0 0 0 0 0 0 0 0 0 0 0 0 0 0 0 0  </fenetre>
<fenetre> 0 0 0 0 0 0 0 0 0 0 0 0 0 0 0 0 0 3 27 82 136 114 173 233 249 250 220 165 99 108 136 40 12 1 0 0 0 0 0 0 0 0 0 0 0 0 0 0 0 0 0  </fenetre>
<fenetre> 0 0 0 0 0 0 0 0 0 0 0 0 0 0 0 0 0 22 80 121 168 144 140 116 173 186 183 222 153 114 140 68 18 0 0 0 0 0 0 0 0 0 0 0 0 0 0 0 0 0 0  </fenetre>
<fenetre> 0 0 0 0 0 0 0 0 0 0 0 0 0 0 0 0 0 0 0 0 19 37 78 203 621 683 297 83 27 0 0 0 0 0 0 0 0 0 0 0 0 0 0 0 0 0 0 0 0 0 0  </fenetre>
<fenetre> 0 0 0 0 0 0 0 0 0 0 0 0 0 0 0 0 0 0 0 15 78 116 159 231 416 363 244 189 155 64 16 2 0 0 0 0 0 0 0 0 0 0 0 0 0 0 0 0 0 0 0  </fenetre>
<fenetre> 0 0 0 0 0 0 0 0 0 0 0 0 0 0 0 0 0 0 8 44 113 93 80 133 481 517 213 149 130 24 16 18 20 9 0 0 0 0 0 0 0 0 0 0 0 0 0 0 0 0 0  </fenetre>
<fenetre> 0 0 0 0 0 0 0 0 0 0 0 0 0 0 0 3 10 50 79 90 90 101 130 138 234 249 227 183 154 178 93 32 7 0 0 0 0 0 0 0 0 0 0 0 0 0 0 0 0 0 0  </fenetre>
<fenetre> 0 0 0 0 0 0 0 0 0 0 0 0 0 0 0 0 0 4 41 80 112 121 172 269 261 226 196 158 134 104 79 64 27 0 0 0 0 0 0 0 0 0 0 0 0 0 0 0 0 0 0  </fenetre>
<fenetre> 0 0 0 0 0 0 0 0 0 0 0 0 0 0 0 0 0 0 9 64 108 192 178 177 214 281 272 214 184 107 40 7 1 0 0 0 0 0 0 0 0 0 0 0 0 0 0 0 0 0 0  </fenetre>
<fenetre> 0 0 0 0 0 0 0 0 0 0 0 0 0 0 0 0 0 0 0 0 6 10 30 86 761 1012 103 24 9 7 0 0 0 0 0 0 0 0 0 0 0 0 0 0 0 0 0 0 0 0 0  </fenetre>
<fenetre> 0 0 0 0 0 0 0 0 0 0 0 0 0 0 0 0 0 0 0 0 0 0 0 0 205 273 0 0 0 0 0 0 0 0 0 0 0 0 0 0 0 0 0 0 0 0 0 0 0 0 0  </fenetre>
<id> 1 </id>
<fenetre> 0 0 0 0 0 0 0 0 0 0 0 0 1 2 3 10 18 29 39 68 110 139 177 246 213 228 205 126 106 102 81 62 35 21 14 9 3 0 0 0 0 0 0 0 0 0 0 0 0 0 0  </fenetre>
<fenetre> 0 0 0 0 0 0 0 0 0 0 0 0 0 0 0 1 7 28 55 79 114 166 171 191 181 170 174 198 186 142 91 42 26 18 4 4 0 0 0 0 0 0 0 0 0 0 0 0 0 0 0  </fenetre>
<fenetre> 0 0 0 0 0 0 0 0 0 0 0 0 0 0 2 4 7 20 33 48 98 154 215 240 252 229 190 155 132 118 79 42 14 7 6 3 0 0 0 0 0 0 0 0 0 0 0 0 0 0 0  </fenetre>
<fenetre> 0 0 0 0 0 0 0 0 0 0 0 0 0 0 0 1 1 10 19 39 92 114 196 225 238 301 288 199 157 88 46 25 7 1 1 0 0 0 0 0 0 0 0 0 0 0 0 0 0 0 0  </fenetre>
<fenetre> 0 0 0 0 0 0 0 0 0 0 0 0 0 0 0 1 3 6 27 57 95 144 178 258 266 281 249 178 132 91 43 23 12 3 1 0 0 0 0 0 0 0 0 0 0 0 0 0 0 0 0  </fenetre>
<fenetre> 0 0 0 0 0 0 0 0 0 0 0 0 0 0 0 1 8 12 30 71 112 149 194 157 203 253 260 221 127 106 78 35 19 9 3 0 0 0 0 0 0 0 0 0 0 0 0 0 0 0 0  </fenetre>
<fenetre> 0 0 0 0 0 0 0 0 0 0 0 1 0 3 2 6 7 20 37 65 91 112 173 184 235 242 250 241 176 106 58 20 11 7 1 0 0 0 0 0 0 0 0 0 0 0 0 0 0 0 0  </fenetre>
<fenetre> 0 0 0 0 0 0 0 0 0 0 0 0 0 0 1 4 14 32 43 83 125 133 169 198 194 237 190 184 167 138 71 44 16 4 1 0 0 0 0 0 0 0 0 0 0 0 0 0 0 0 0  </fenetre>
<fenetre> 0 0 0 0 0 0 0 0 0 0 0 0 0 0 0 3 17 31 50 81 112 126 132 189 191 190 260 188 167 125 98 49 29 10 0 0 0 0 0 0 0 0 0 0 0 0 0 0 0 0 0  </fenetre>
<fenetre> 0 0 0 0 0 0 0 0 0 0 0 0 0 0 0 0 1 2 13 37 75 132 220 292 293 245 254 189 128 88 44 29 6 0 0 0 0 0 0 0 0 0 0 0 0 0 0 0 0 0 0  </fenetre>
<fenetre> 0 0 0 0 0 0 0 0 0 0 0 0 0 0 0 0 0 2 12 57 101 162 199 230 253 256 244 179 144 106 54 24 20 4 1 0 0 0 0 0 0 0 0 0 0 0 0 0 0 0 0  </fenetre>
<fenetre> 0 0 0 0 0 0 0 0 0 0 0 0 0 0 0 0 0 0 12 35 97 156 217 232 269 269 250 195 116 86 55 34 19 6 0 0 0 0 0 0 0 0 0 0 0 0 0 0 0 0 0  </fenetre>
<fenetre> 0 0 0 0 0 0 0 0 0 0 0 0 0 0 0 0 0 0 13 38 81 144 214 277 279 296 225 209 128 68 47 20 7 2 0 0 0 0 0 0 0 0 0 0 0 0 0 0 0 0 0  </fenetre>
<fenetre> 0 0 0 0 0 0 0 0 0 0 0 0 0 0 0 0 2 8 19 46 114 153 174 222 250 244 243 225 158 81 52 36 13 7 1 0 0 0 0 0 0 0 0 0 0 0 0 0 0 0 0  </fenetre>
<fenetre> 0 0 0 0 0 0 0 0 0 0 0 0 0 0 0 0 1 8 15 40 123 153 238 242 251 218 175 167 159 113 71 47 17 8 0 2 0 0 0 0 0 0 0 0 0 0 0 0 0 0 0  </fenetre>
<fenetre> 0 0 0 0 0 0 0 0 0 0 0 0 0 0 0 0 0 6 20 77 113 186 225 236 232 205 181 128 153 138 81 40 19 7 1 0 0 0 0 0 0 0 0 0 0 0 0 0 0 0 0  </fenetre>
<fenetre> 0 0 0 0 0 0 0 0 0 0 0 0 0 0 0 0 1 8 20 70 104 147 194 232 262 258 216 142 117 90 76 54 33 17 4 2 1 0 0 0 0 0 0 0 0 0 0 0 0 0 0  </fenetre>
<fenetre> 0 0 0 0 0 0 0 0 0 0 0 0 0 0 0 0 0 0 10 41 104 157 216 243 361 281 204 108 83 57 72 55 30 21 3 2 0 0 0 0 0 0 0 0 0 0 0 0 0 0 0  </fenetre>
<fenetre> 0 0 0 0 0 0 0 0 0 0 0 0 0 0 0 0 0 4 20 65 101 112 164 249 329 331 249 133 80 60 37 53 27 25 8 1 0 0 0 0 0 0 0 0 0 0 0 0 0 0 0  </fenetre>
<fenetre> 0 0 0 0 0 0 0 0 0 0 0 0 0 0 0 0 0 4 37 70 95 81 87 199 314 392 311 209 108 60 37 21 6 2 0 0 0 0 0 0 0 0 0 0 0 0 0 0 0 0 0  </fenetre>
